3.30298537,3.18411646,3.15180965,3.48740971,3.54333074,3.52726685,3.21362785,3.32454373,3.14198779,3.23682628,3.48311798,3.32252296,2.88696879,2.92859988,3.05715035,3.00600828,3.41871827,3.42665397,3.02444273,2.76182884,2.78327071,2.73422971,2.66389221,2.53649485,2.33676276,2.33111206,2.57965262,2.35121907,2.29544522,2.44331627,2.56785670,2.76310726,2.57314510,2.47086756,2.33277297,2.13553920,1.90501878,1.75541772,1.75887442,1.58019240,1.48565864,1.53716685,1.52563741,1.63753949,1.36746599,1.42241960,1.40453279,1.25800425,1.30679943,1.41072212,1.28018948,1.45310786,1.57325313,1.57000573,1.61667200,1.92369785,2.29805103,2.65393031,2.57191932,3.16653307
3.55384075,3.55834992,3.58916471,3.54372421,3.49687025,3.48498161,3.37313346,3.32200992,3.27277407,3.36228348,3.49703219,3.46328527,3.42125289,3.38957521,3.16568916,2.98371267,3.00309869,3.32661005,3.27745863,3.14836133,3.20319664,3.24598757,3.22548780,3.27007935,3.33323421,3.30934704,3.18188057,3.18249315,3.17569539,3.08050971,3.15506249,3.18838689,2.98144185,2.79562380,2.62598677,2.43275983,2.24576301,2.10534518,1.94351849,1.68311624,1.56864533,1.53021607,1.43350184,1.29159100,1.24014769,1.13782005,1.14362437,1.05323059,0.95493428,0.93802034,0.85518635,0.77369268,0.75000472,0.64677979,0.62867568,0.60521463,0.52985797,0.55484867,0.60517402,0.57640171
2.31601344,2.17868450,2.11379646,2.17220323,2.31139544,2.09659718,1.99372783,2.00538528,1.90645690,1.74816059,1.86976116,1.91495427,1.96325451,2.25232691,2.17488575,2.06069206,1.96912547,1.99306412,1.97985522,2.18438396,2.14349796,2.03883437,1.97859491,1.93135624,2.01278556,2.11387592,2.11125195,2.11211496,2.03292830,2.04220649,1.98140720,2.04518815,2.03091598,1.87512901,1.70129639,1.65562539,1.62336996,1.53893049,1.44881051,1.40922794,1.36927283,1.40703850,1.35481893,1.26236813,1.25804081,1.20053792,1.19304165,1.20070864,1.12710694,1.02249821,1.06152595,1.11772051,1.07156939,1.16522250,1.16297201,1.09898332,1.31884360,1.34872784,1.93822896,1.65481382
2.17999103,2.12539150,2.17163756,2.03962629,2.05945989,1.97878951,1.88536590,1.81136923,1.80649131,1.89202468,1.96718862,2.01765352,1.95367224,1.81520773,1.60579809,1.52179792,1.54283729,1.45346910,1.63566498,1.75439020,1.67787937,1.74309259,1.73952131,1.78623073,1.79075224,1.75783999,1.56097660,1.50794647,1.64682149,1.81767794,1.79873911,1.68821564,1.88721693,2.24045178,1.87800117,1.95164093,2.08842391,2.18187984,2.24762451,2.21453560,2.33523423,2.38006332,2.45804108,2.44854836,2.42803134,2.34822548,2.34140051,2.40434411,2.45910535,2.43876636,2.48225601,2.51968905,2.49861735,2.48248768,2.45004917,2.53941557,2.51311125,2.49103445,2.57992841,2.54267540
2.27443918,2.23747083,2.12955832,2.26125783,2.18097049,2.07748904,2.09060029,2.06348795,1.98222779,1.99005133,1.90005227,1.89249268,2.11760775,2.17622796,2.21293685,2.10707517,2.04670993,2.07217885,1.92804882,1.98657427,2.08200664,2.01303582,1.84699363,1.72163079,1.88152544,1.72671597,1.77140323,1.83099147,1.93225612,2.02611543,1.90874692,2.11189614,2.27385067,2.37353842,2.23755065,2.14214399,2.28425337,2.31450289,2.28686495,2.24334415,2.21656791,2.34382405,2.37300338,2.39047704,2.39156039,2.42350072,2.38129930,2.42959668,2.31144397,2.45020229,2.40702956,2.30255503,2.30694488,2.45015749,2.46144450,2.32879841,2.41811635,2.43690820,2.35859754,2.30593258
1.85940936,1.71483353,1.82473172,1.86864543,1.92983343,1.66290652,1.60622653,1.62568733,1.47687375,1.68166758,1.55242951,1.46414291,1.35581234,1.39491557,1.18318610,1.02433469,1.15585299,1.53478520,1.56009635,1.40103541,1.33202559,1.24299550,1.04489006,1.09546203,1.12327907,1.03217787,0.92408464,0.80847065,0.76666600,0.84855497,0.93728234,0.97169113,1.25959857,1.41884685,1.23431350,1.38407399,1.32070166,1.53386869,2.32284118,1.00028327,0.78813346,0.77589257,0.68626307,0.54173124,0.56088135,0.60720230,0.50607834,0.53779493,1.04467356,1.53008116,1.39509697,2.00718414,1.17371971,0.72183476,1.01133791,0.92221444,0.82796784,0.84642201,1.19177001,1.84058771
2.37495202,2.52918427,2.33193542,2.42003762,2.27265558,2.33910173,2.30757492,2.38467161,2.32514541,2.37583326,2.23336524,2.19896383,2.24091755,2.04069728,1.90057619,1.73941731,1.98676604,2.12447410,2.21844023,2.12631264,2.31274120,2.34021439,2.15410326,1.98251934,1.82001732,2.00002576,1.91772688,1.84483351,1.90606093,2.03569919,2.10008600,2.29345320,2.48487936,2.47993581,2.20229488,2.29163925,2.19577859,2.28794927,2.27750980,2.08448858,2.13872051,2.30280685,2.43345427,2.31439717,2.36513477,2.30343402,2.22610284,2.37865521,2.31209981,2.55190067,2.52782936,2.52132758,2.54756734,2.51003374,2.39584968,2.46288139,2.54387172,2.47812711,2.42261721,2.47765180
1.95023074,1.93151578,1.89318460,1.85093070,2.11405562,2.08506655,2.03789813,2.03669804,2.11526973,2.21669938,2.19178460,2.05421113,1.99476181,2.08462165,2.02801869,1.99909926,2.04333783,2.24582918,2.25902354,2.36151082,2.39412025,2.41431429,2.39857798,2.17185849,2.47621403,2.51816777,2.39391523,2.45430241,2.49252005,2.24926754,2.42307511,2.40351250,2.40135890,2.48640668,2.48547749,2.41952273,2.35238548,2.43296870,2.30781726,2.37419004,2.38188930,2.35403376,2.23221012,2.13318154,2.14126571,1.95879393,1.78155859,1.55094205,1.42104435,1.52759062,1.32221380,1.30380826,1.17448839,1.20487084,1.24519174,1.39413267,1.49332579,1.52173708,1.44672309,1.62879428
2.32339869,2.47722267,2.48029757,2.39179801,2.46833657,2.27648332,2.43368579,2.41523438,2.49375204,2.44974211,2.42977209,2.38863016,2.37644193,2.43059619,2.21147740,2.27881517,2.24284806,2.20783620,2.23031410,2.27790230,2.19927440,2.14330780,1.93760987,1.92036292,1.99162935,2.11656160,1.91260206,2.00700458,1.88225654,1.79127949,1.82066462,1.82489544,2.07135358,2.00460927,1.68308404,1.90475098,2.02659751,1.97946608,2.00819977,2.16252894,2.05076888,1.73739370,1.65013886,1.69859747,1.60261795,1.81860586,1.56873982,1.23765540,1.30352691,1.35969466,1.51223768,1.71821858,1.93470126,1.62803784,1.50044693,1.61393636,1.63907449,1.55939575,1.78782242,2.15963841
2.18837860,2.07292290,2.29997592,2.47255697,2.36268705,2.19828295,2.08805707,2.30100894,2.31575912,2.34776727,2.41319137,2.17940912,1.99627516,2.00531372,1.98940793,2.18940562,2.40918161,2.33440127,2.06904137,1.85512293,1.99076136,1.81828909,2.04434887,2.04978954,1.77143524,1.93341294,1.71711917,1.92967348,2.39289475,2.45305375,2.28938473,1.92920103,2.10845066,2.40227714,2.10520603,1.77380181,1.82605799,1.88557973,1.58796568,1.69156290,1.80776043,1.81735013,1.87615033,1.55622113,1.46018513,1.39411993,1.32017461,1.38624533,1.44291579,1.50774396,1.47183231,1.51442159,1.52152379,1.45177204,1.51533232,1.49467575,1.49247936,1.43507176,1.41234008,1.32792096
2.60445310,2.67114807,2.69385312,2.61041056,2.50786603,2.23534260,2.22237208,2.48723837,2.58875054,2.56413792,2.62118824,2.17372708,2.36939245,2.63389901,2.66542452,2.65513447,2.36991268,2.27186543,2.48893391,2.53495922,2.59702836,2.61522425,2.58068484,2.35016423,2.27477589,2.46782135,2.61147226,2.53046591,2.37686266,2.48699330,2.52178948,2.63821979,2.61051755,2.46080833,2.62108252,2.19726931,2.33844054,2.57528914,2.57634165,2.52861478,2.41440529,2.45913815,2.13276915,2.44465250,2.34571272,2.42364385,2.35054620,2.33477218,2.45225040,2.25765716,2.48123595,2.48965119,2.47512164,2.43997367,2.47473757,2.58941824,2.47589587,2.50214192,2.42136030,2.53979836
2.41571113,2.52814699,2.52887728,2.43049167,2.40993752,2.35683164,2.33407827,2.52321001,2.55898773,2.56433284,2.54655812,2.19958782,2.40241280,2.40007019,2.51810023,2.49795028,2.24275384,2.24213623,2.31686530,2.21096915,2.51236896,2.46532918,2.46870012,2.28831544,2.33395525,2.43817817,2.53341346,2.45047718,2.51583303,2.42399484,2.42264453,2.25633999,2.34545771,2.40918159,2.38667391,2.32287540,2.47803816,2.46203142,2.34223560,2.43089870,2.33417026,2.49170656,2.28129336,1.99953987,2.29140640,2.20112699,2.28393969,2.20620076,2.33665853,2.35791288,2.33205267,2.28400350,2.16502933,2.12808490,2.18983131,2.38940723,2.21245302,2.25678088,2.21613932,2.33922810
2.49189153,2.50983964,2.44423040,2.51624402,2.49312985,2.33081008,2.37158902,2.43279666,2.52394677,2.54327218,2.49076861,2.44361583,2.38568301,2.43333593,2.49115707,2.45242938,2.47440734,2.39110083,2.31981310,2.36757475,2.46720748,2.48500620,2.41295010,2.32356536,2.30096187,2.41395076,2.45982557,2.44101858,2.50499422,2.55339025,2.46982284,2.32545940,2.51397613,2.45081324,2.33782083,2.34131558,2.37948382,2.26300026,2.28217459,2.39605761,2.47511558,2.48734576,2.45818613,2.48516417,2.44199498,2.47515762,2.45976096,2.28531253,2.37470532,2.44905008,2.37077681,2.40819638,2.44016012,2.46240120,2.50786584,2.46107219,2.51298031,2.53845227,2.38362267,2.44544947
2.31679985,2.30107249,2.43045981,2.41014559,2.06177794,2.15363145,2.14812093,2.22758553,2.52273022,2.55234691,2.46305828,2.28017954,2.38988235,2.56120575,2.56316229,2.54470408,2.24445386,2.03838613,2.25214523,2.35816972,2.50503671,2.52243268,2.38909906,2.05803022,2.10701264,2.51222062,2.52273131,2.49471537,2.36819094,2.27105129,2.48108439,2.20561107,2.47546667,2.40055289,2.35866567,2.31786148,2.27674177,2.39386257,2.45960683,2.42605342,2.48088773,2.40425969,2.45087773,2.32250519,2.50380443,2.43959948,2.47924627,2.33731405,2.41524129,2.40374934,2.36487384,2.38844956,2.47269973,2.46955375,2.38657863,2.26728295,2.29457890,2.46502391,2.33719918,2.22491802
2.49129393,2.55717919,2.55170065,2.42147180,2.36855231,2.44881858,2.02536638,2.34051987,2.52914321,2.53101527,2.39611008,2.40371345,2.47635225,2.41654424,2.52124624,2.54691597,2.28407413,2.13314676,2.48910531,2.47505139,2.52328906,2.46824175,2.39161885,2.37487840,2.29870062,2.55637196,2.55389102,2.54397412,2.51263299,2.47570444,2.42970054,2.44573219,2.47996217,2.56004025,2.55276816,2.43391983,2.29005627,2.35080347,2.30363358,2.38244133,2.41307766,2.40346873,2.34349751,2.38202802,2.51041278,2.47972351,2.44339101,2.38071554,2.42376230,2.42487314,2.50455555,2.46800051,2.53255419,2.43014763,2.42243644,2.41961291,2.45561019,2.28393881,2.39397226,2.45796697
2.62877218,2.63704440,2.63659053,2.61442848,2.53267200,2.43785059,2.40731857,2.56317395,2.60150165,2.61088727,2.56352220,2.53883469,2.52732289,2.52685970,2.52006785,2.50024752,2.35401592,2.22512031,2.31406146,2.23591324,2.58238726,2.54692479,2.49061103,1.97045329,1.89315522,2.33628121,2.57159392,2.49916525,2.01831494,2.01468677,2.24176807,2.13642198,2.02772909,2.20548516,1.95025132,1.73447222,1.95090493,2.24599387,2.55876104,2.35468804,2.25486925,2.35765406,2.42196373,2.60521823,2.50999530,2.47243306,2.17097992,2.44131346,2.23270820,1.84404551,2.24871110,2.47963864,2.08500586,1.77044355,1.99002377,2.18840389,1.91907109,1.99986939,1.94264530,2.01403599
2.46077623,2.38023577,2.39357450,2.41407743,2.35272956,2.10226483,2.46825141,2.48707370,2.55582853,2.53855418,2.39652963,2.32896103,2.19726958,2.47025086,2.55052133,2.54437201,2.40854013,2.35993973,1.86958332,1.87865053,2.19183325,2.29496350,2.37301572,2.18159933,2.23421166,2.34858333,2.49231312,2.32773024,2.35383971,2.38370905,2.36872485,2.21218280,2.27753920,2.20559172,2.11736063,2.12994049,2.25718739,2.49577462,2.35885963,2.33781158,2.35425016,2.23316188,2.25270000,2.45781174,2.44448676,2.25692891,2.17537463,2.17014476,1.97521281,2.05862602,2.21576032,2.10239897,1.79642383,1.84457827,2.15110626,2.38989845,2.34387730,2.44376446,2.36876160,2.25883722
1.96279141,1.97510710,2.28873424,2.29826133,2.12371977,2.05566053,2.27293430,2.34195629,2.29440538,2.21675819,2.16637071,2.20951473,2.30923562,2.24497474,2.23003472,2.39543174,2.16548078,2.15134793,2.22030312,2.33747984,2.43707175,2.43424673,2.34407576,2.26720138,2.16947800,2.34369036,2.46128599,2.47169335,2.40836996,2.40175759,2.21615221,2.09943971,2.36853209,2.34923485,2.22146860,2.07592260,2.42439957,2.31439320,2.36809483,2.32814960,2.40640028,2.19913630,2.10682532,2.23191813,2.45164561,2.42705526,2.48145031,2.33454373,2.08777312,2.26263018,2.43917027,2.47384202,2.48728812,2.39313624,2.27643794,2.36413990,2.32726004,2.41705211,2.34748107,2.27639331
2.42963730,2.28522749,2.32912671,2.28352131,2.14322828,2.08865797,2.13029081,2.16355510,1.97305467,2.40010807,2.44672998,2.37343274,2.18291385,2.22180513,2.24398053,2.17905095,2.30990987,2.44244943,2.44377562,2.09089158,2.13014147,2.36471062,2.43295924,2.43049461,2.34218030,2.36350333,2.39325022,2.29560417,2.14552099,2.32328215,2.23343767,2.32537045,2.17631265,2.30659730,2.31963338,2.25465668,2.19152086,2.29929040,2.35803635,2.24598241,2.32609071,2.37759923,2.16412749,2.21068819,2.33485648,2.33412539,2.29998461,2.26581522,2.17778048,2.23297860,2.29491770,2.27944209,1.97319577,2.23686497,2.12515815,2.34953068,2.31203126,2.35966780,2.34476834,2.38136165
2.59161910,2.47513628,2.47228069,2.38136377,2.28164035,2.44725197,2.36587059,2.36219848,2.49284009,2.62612759,2.60235226,2.46697299,2.27694822,2.40787674,2.18479134,2.17621763,2.59402466,2.62771252,2.61631894,2.46166244,2.39216566,2.54171306,2.54710416,2.44317244,2.48879633,2.46351819,2.57596766,2.51516536,2.54691783,2.55706782,2.51925058,2.32808369,2.29013938,2.43051985,2.35659931,2.29141707,2.19008876,2.16019307,2.58752351,2.51666051,2.43704286,2.53900016,2.35155678,2.23817426,2.48465648,2.30549596,2.17171658,2.28547243,2.42340251,2.28376987,2.35439028,2.29899930,2.23164411,2.26978248,2.27738879,2.46894642,2.32464342,2.23376452,2.34705466,2.38904099
2.51455432,2.43300193,2.50839685,2.47944624,2.30200929,2.43691523,2.41467262,2.40074328,2.40814066,2.40936914,2.53605877,2.37541118,2.36347849,2.42844236,2.47002917,2.44186394,2.44301730,2.48014988,2.45250522,2.41385695,2.46486725,2.35329936,2.49334828,2.46801208,2.36245962,2.42680887,2.52393726,2.41419423,2.41818600,2.31709647,2.31573166,2.14935966,2.36374939,2.48988359,2.46038422,2.49474488,2.43992343,2.45438446,2.51892043,2.43256448,2.24343211,2.41027779,2.36042966,2.41802536,2.43643347,2.40292526,2.48407868,2.52437868,2.40147502,2.41350552,2.23730809,2.18135708,2.39232796,2.49040687,2.25172731,2.13429036,2.35587092,2.43139697,2.44505361,2.26635673
2.35524351,2.35588551,2.26663544,2.18748316,2.15856691,2.30671253,2.30502225,2.19402150,2.16697566,2.45178121,2.44430405,2.28291959,2.12727460,2.24607370,2.16870783,2.35238928,2.54334309,2.54544101,2.51838772,2.29242063,2.28720854,2.44154575,2.51806358,2.48026711,2.19995623,2.40293120,2.45561871,2.43581149,2.42344633,2.52646995,2.54014797,2.17460111,2.14572117,2.29725995,2.29260053,2.39305697,2.53765650,2.47525832,2.50199935,2.50842008,2.24087548,2.44854325,2.50606271,2.20999452,2.21007428,2.41420987,2.42318852,2.42750722,2.33697351,2.44031042,2.50953620,2.32419702,2.34860618,2.42735161,2.35693807,2.12814992,2.26853150,2.43346829,2.37744049,2.11656136
2.22370840,2.19636302,2.51365724,2.55894157,2.33583395,2.27560964,2.41285448,2.51608444,2.60451103,2.63048010,2.59997915,2.53444005,2.32920435,2.35692646,2.41167562,2.51459358,2.57210194,2.58574158,2.62476876,2.35327941,1.99758747,2.58161745,2.52993192,2.54958339,2.47525459,2.60780838,2.61172476,2.59768463,2.61914689,2.60559177,2.56260272,2.60404085,2.61937209,2.57358358,2.57327753,2.56641042,2.37712780,2.58490341,2.55300632,2.53023934,2.33844774,2.42707253,2.54265466,2.60675734,2.59166329,2.57828630,2.41756688,2.35774014,2.46954839,2.54513437,2.56410453,2.50868276,2.51358023,2.46307678,2.48653722,2.41408209,2.45450984,2.52626805,2.48486086,2.36350194
2.37402125,2.43038544,2.45090171,2.38189359,2.42556124,2.39922029,2.32238694,2.30440194,2.44044059,2.45629306,2.40924726,2.35399157,2.39439112,2.40209530,2.45199729,2.31754182,2.40660019,2.40023112,2.39588089,2.07148968,1.78368520,2.28363344,2.37154123,2.32447120,2.04404129,2.29692850,2.36494626,2.45574714,2.39105902,2.37723806,2.33433274,2.47692105,2.45839242,2.27354742,2.16503928,1.64079330,1.92767827,2.30026649,2.31325588,1.96629453,2.06498558,2.25595043,2.31341914,2.41363711,2.29798966,2.34359028,2.32440086,2.26112381,2.23482609,2.30261963,2.40483463,2.15656625,2.32697041,2.41527323,2.27247854,2.33601918,2.43599140,2.31280374,2.42656787,2.40059353
2.51528446,2.46297150,2.48502989,2.39769087,2.40552776,2.49629768,2.42701359,2.42240468,2.40956552,2.30612101,2.22052617,2.30330029,2.42880120,2.31106862,2.48175044,2.35039958,2.46016870,2.43359245,2.43902240,2.40847349,2.42637917,2.29107580,2.19903238,2.42973811,1.96856468,2.50138261,2.41220223,2.46726903,2.14685058,2.34647153,2.52161996,2.53793793,2.50863415,2.45754182,2.50905851,2.17340376,1.97682290,2.48605282,2.32478530,2.29445800,2.31525644,2.41393805,2.34446212,2.33317125,2.38374642,2.34629808,2.43772563,2.48736111,2.38267250,2.43471921,2.49973488,2.48778797,2.26925123,2.47473476,2.40450031,2.51621241,2.49692296,2.42798497,2.51830470,2.52076110
2.58981690,2.40909850,2.39789687,2.64128349,2.52339894,2.65669153,2.48415244,2.38890047,2.45811258,2.46459315,2.41057806,2.29320524,2.21174313,2.14114051,2.02900844,2.16502332,2.58069840,2.67340545,2.46407263,2.32714133,2.41707586,2.45804788,2.50593056,2.57646594,2.34996310,2.38617517,2.55926584,2.52253442,2.37344493,2.38296487,2.29107052,2.47380110,2.53074586,2.48580597,2.40312023,2.37440874,2.04520511,2.33624393,2.48624325,2.55145964,2.57518207,2.43521912,2.42336367,2.40507176,2.00924912,1.96198530,2.00290837,2.03814056,2.27238072,2.33549777,2.22482456,2.23317882,2.14149156,2.58383638,2.38391714,2.53799063,2.36706228,2.34516870,2.55546278,2.50499521
2.27152153,2.39076720,2.37523516,2.30625342,1.98235119,2.16926991,2.06468922,2.27162854,2.38134516,2.30387981,2.38298258,1.99195241,1.95093031,2.24164556,2.23568519,2.33996138,2.20605590,1.75164017,1.93310806,2.12631194,2.29636112,2.31802023,2.28717099,1.84541683,1.58431468,2.20476245,2.27702472,2.27083116,2.17172876,2.35554626,2.24735296,2.28371030,2.21450038,2.29617345,2.25214939,1.97910273,1.73274525,2.23989463,2.22894149,2.15751309,2.16957778,2.29188954,2.14645214,2.12563855,2.33641418,2.32984975,2.21699258,2.00634809,2.31358293,2.05756403,2.16532484,2.29315064,2.03652795,2.23981867,2.20854357,2.29666284,2.08426181,2.15622625,2.17979385,2.29429923
2.57779627,2.69789232,2.68655010,2.51780379,2.39581709,2.47089005,2.37854956,2.52186633,2.69556901,2.69664470,2.66991037,2.26499964,2.44941739,2.66239887,2.53279941,2.65532831,2.50726655,2.29246583,2.43227373,2.49779012,2.63576257,2.51856422,2.55873443,2.48865710,2.49159008,2.64244017,2.64005947,2.61724576,2.62995114,2.59875075,2.63543797,2.52896328,2.49592845,2.65764983,2.54113099,2.02203628,2.31926621,2.52628145,2.56236191,2.49526970,2.54553254,2.66045031,2.54285622,2.22856425,2.46285164,2.35624020,2.23828422,2.28282594,2.49400661,2.54716208,2.38466136,2.38947009,2.29001164,2.39586423,2.44302530,2.32462370,2.38936802,2.47698469,2.53884624,2.27194996
2.36528408,2.32878367,2.43966337,2.38170374,2.23926763,2.37015581,2.42938754,2.32689298,2.44670232,2.47337511,2.36500734,2.23908753,2.41823279,2.45662617,2.44274606,2.36045378,2.39278123,2.32357067,2.30534044,2.28447062,2.41389579,2.39998244,2.40497484,2.24186517,2.21878454,2.23001093,2.00669424,2.09814508,2.37713784,2.45480482,2.43739814,2.31184009,2.37676473,2.47089645,2.44280011,2.31689668,2.22486798,2.34875641,2.35231253,2.36856406,2.30797873,2.41332990,2.41078813,2.27757466,2.35484887,2.38147416,2.33345679,2.36393269,2.12917823,2.30534685,2.41276635,2.43539866,2.29031945,2.37724443,2.29851657,2.33429559,2.36354612,2.32743395,2.21093046,2.07446430
2.41571914,2.45421612,2.51280368,2.29834474,2.04568851,2.19671017,2.20726851,2.33525936,2.51643143,2.51998550,2.33743845,2.26197582,2.19164112,2.44424270,2.31664777,2.51202325,2.35842233,2.38424038,2.01356077,2.19181633,2.53819545,2.54896586,2.50677595,2.15873708,2.26808669,2.19115496,2.11565482,2.18745797,2.43484234,2.18612822,2.52520102,2.15635521,2.33729975,2.43272463,2.44426734,2.49332817,2.23955451,2.32911115,2.33212684,2.33350758,2.50348807,2.47859082,2.41069044,2.28667037,2.40346389,2.44297695,2.41120406,2.39843298,2.41934974,2.22704540,2.46969476,2.38747658,2.39859936,2.41754536,2.38150872,2.23815506,2.28738545,2.43473047,2.43133082,2.28794072
2.41749824,2.61688709,2.62645877,2.58391418,2.31039863,2.29723520,2.13786665,2.34748868,2.56575094,2.57180232,2.52337958,2.38059494,2.19453234,2.30253233,2.39121549,2.44685149,2.41725221,2.59215125,2.36329999,2.36858105,2.58777377,2.56325650,2.57382002,2.44193447,2.32014489,2.61452178,2.61239713,2.60210212,2.52103776,2.38981131,2.49917196,2.49020260,2.62155918,2.63563758,2.63355885,2.46982967,2.60629737,2.48579634,2.43771299,2.53794162,2.62756767,2.54553784,2.34500539,2.55546957,2.48259431,2.61941083,2.59912203,2.53216011,2.53666902,2.51773772,2.57916880,2.45990108,2.57324246,2.57749954,2.53398548,2.40242629,2.32871859,2.35033590,2.32603483,2.49951969
2.55456907,2.56418955,2.55981507,2.52867166,2.50992902,2.43860530,2.39678790,2.05569847,1.96380164,2.11506515,2.43619426,2.40683510,2.37914951,2.53457332,2.48292470,2.38483451,2.38136399,2.45819866,2.27191329,2.08465730,2.37003369,2.50321900,2.37009578,1.97550325,1.99526691,2.28795629,2.49024577,2.33831918,1.72399205,2.09886215,2.25696586,2.24905151,2.38517286,2.48422989,2.44973912,2.02560080,2.43144460,2.44229726,2.55678181,2.49680653,2.55956067,2.54292377,2.39847863,2.46467925,2.22301727,2.15902591,2.17481340,2.21287563,1.89396223,2.08960218,2.37270004,1.98692201,1.76977195,1.91551117,1.86897452,2.12945210,1.69465913,1.76925639,1.97410952,2.04116964
2.43884692,2.42053363,2.40978160,2.40028415,2.26176615,2.41407727,2.37769900,2.19726267,2.38724278,2.48621205,2.40052266,2.34618762,2.30248638,2.54669301,2.52094650,2.46620333,2.49093085,2.52606645,2.38783707,2.23985431,2.49469126,2.47712272,2.37478024,2.35066619,2.27833160,2.36272887,2.48674009,2.40762410,2.40825671,2.35531307,2.41744437,2.34085636,2.40840409,2.52179002,2.52825052,2.46051838,2.45536859,2.41269620,2.44848688,2.47124442,2.55120245,2.53851781,2.31949846,1.85538543,2.19981055,2.41330274,2.42956024,2.40642614,2.11268649,1.75553251,2.33715663,1.89381417,1.81721311,2.10473882,2.41246061,2.35118380,2.42146013,2.42296320,2.47232096,2.08279160
2.31326095,2.41434138,2.38937226,2.25862436,2.35563012,2.16727663,2.21980982,2.18469270,2.25559871,2.20832824,2.16333268,2.33255054,2.35323094,2.41414864,2.53763508,2.46621453,2.42479198,2.41248260,2.32630605,2.50320078,2.30101813,2.47731632,2.26216134,2.33517670,2.31575168,2.44863748,2.46219317,2.40341665,2.45131545,2.42265712,2.35301988,2.09337325,2.53530740,2.55286388,2.53874889,2.36764037,2.53127260,2.34068185,2.39166014,2.30464366,2.40817634,2.34081062,2.22144542,2.20834874,2.34521704,2.52133820,2.34966864,2.15972029,2.27043653,2.31708140,2.32607258,2.38841135,2.44731409,2.45086521,2.34660652,2.34043572,2.38484866,2.47056935,2.32958555,2.11413484
2.41228908,2.34391594,2.34293463,2.35524242,2.21764031,2.33043546,2.28931466,2.25319010,2.52120133,2.46121057,2.43442889,2.54304009,2.27405130,2.28724803,2.27018405,2.49265153,2.54065647,2.50286655,2.45025711,2.26406335,2.43333974,2.44515001,2.48780145,2.53390488,2.16232626,2.52172106,2.51955547,2.49430394,2.41414735,2.48902010,2.41467228,2.31976427,2.32200621,2.36707782,2.43390685,2.45994716,2.34949430,2.45824027,2.49675867,2.43304772,2.43987412,2.42264100,2.27211787,2.12062082,2.31586507,2.46567668,2.39196422,2.45422283,2.38006828,2.08144460,2.33098022,2.35924609,2.30858456,2.40942107,2.28784715,2.40603879,2.34495930,2.30744345,2.20843257,2.29870750
2.51322513,2.51886511,2.43262414,2.32338417,2.28606652,2.15967645,2.25609450,2.33067206,2.58929455,2.63082518,2.61027204,2.46057285,2.30105129,2.34694299,2.40942234,2.41548800,2.57191218,2.53577774,2.51193780,2.47355429,2.42388073,2.47288003,2.55278958,2.52522736,2.39651602,2.46293576,2.53175841,2.49975322,2.54921682,2.48930233,2.43193270,2.46039362,2.39038450,2.41037691,2.47856008,2.55428907,2.24748957,2.46742873,2.51669019,2.48063156,2.37644178,2.49626558,2.42041034,1.88293352,2.06313322,2.29216624,2.32772389,2.28333627,2.25420163,2.21506622,2.10498912,2.27611933,2.39520395,2.29520728,2.51207370,2.36160712,2.53462091,2.39527177,2.36786126,2.49285053
2.41194225,2.44478406,2.46951698,2.41711386,2.40805190,2.40461687,2.49175289,2.50552288,2.45962733,2.54013873,2.55316770,2.43243965,2.40615936,2.34222123,2.50938152,2.50326086,2.54921442,2.54258150,2.51017068,2.48290165,2.36338222,2.51652649,2.52974063,2.50278821,2.32441771,2.52869850,2.54990237,2.50351762,2.51621850,2.54267600,2.55140151,2.28194741,2.31415260,2.48695489,2.45823140,2.48213842,2.19086026,2.33422600,2.36497331,2.38537147,2.40917245,2.51585300,2.40706702,2.30378308,2.42500292,2.49166470,2.40075218,2.41447048,2.49839649,2.42565295,2.47717179,2.41631282,2.45706474,2.37888223,2.41073918,2.40228044,2.45552209,2.41720807,2.41361502,1.89932154
2.37658491,2.41280275,2.31654859,2.22113692,2.38383487,2.52549382,2.40947521,2.26953548,2.43652901,2.51957971,2.45349301,2.53023732,2.41372223,2.37277948,2.31597400,2.35665055,2.41627809,2.49985466,2.43840123,2.12880207,2.40934677,2.51349880,2.54538609,2.52154766,2.24672332,2.41727762,2.44708588,2.39045849,2.35561236,2.39506622,2.46390712,2.23424139,2.36392900,2.40628229,2.38161397,2.35942878,2.45897535,2.44492465,2.44627902,2.44815930,2.39948472,2.34574381,2.37155720,2.12164709,2.26146888,2.47924941,2.39406445,2.40485391,2.32027550,2.34365682,2.45145768,2.44837251,2.45627612,2.45583562,2.34315363,2.36539424,2.44756053,2.39373261,2.40363034,2.24534726
2.39514098,2.36284953,2.15070634,2.08783196,1.95150499,2.00275956,2.19395846,1.97840573,2.39773479,2.55517159,2.53384418,2.51866676,2.08311461,2.16240899,2.15698731,2.28372212,2.40623371,2.49251174,2.53978620,2.42529083,2.08185349,2.45428298,2.51421697,2.54547260,2.47808760,2.44153305,2.42543070,2.46100832,2.54317616,2.51879435,2.53971790,2.53315126,2.48482322,2.47918851,2.47546177,2.50201891,2.37979368,2.48771960,2.49310230,2.47203137,2.17836925,2.47025179,2.43137949,2.49334066,2.50728699,2.43469045,2.49372104,2.46573142,2.34363370,2.42086673,2.39151571,2.37460530,2.47170442,2.47968730,2.43560888,2.30685001,2.42708901,2.33747065,2.37725537,2.28120566
2.28019095,2.11058341,2.03088144,1.75452711,1.67438878,2.01862336,1.92616536,1.69929730,2.48081724,2.61332771,2.60372328,2.43674425,1.39697463,1.47884164,1.54431568,1.60044315,2.57800019,2.57456281,2.47087156,2.24559633,2.00384768,2.55376395,2.59640762,2.60641694,2.29916419,2.47652815,2.55919103,2.53376596,2.14019435,2.47782585,2.57573801,2.60093699,2.55817403,2.55963720,2.60694068,2.61977822,2.04603608,2.46779143,2.50733500,2.14397999,2.01927935,2.57992823,2.51851829,2.52685605,2.56450390,2.32203599,2.47845269,2.49273942,2.41855610,2.52742545,2.42780565,2.12972710,2.14382573,2.50340244,2.47958650,2.34477795,2.35417352,2.15355577,1.91844140,1.87334785
2.48132332,2.50440630,2.42922406,2.51673298,2.48617520,2.48713829,2.48657360,2.43180517,2.51233608,2.55129806,2.44623920,2.45664806,2.41130535,2.46889033,2.45821577,2.43990036,2.44120771,2.42282553,2.46887880,2.46125788,2.41530942,2.51398687,2.53259644,2.49429878,2.41909597,2.41239818,2.42040859,2.43427664,2.33590330,2.37933599,2.41162276,2.23325812,2.18877833,2.37237980,2.45030146,2.44678908,2.29262547,2.27846929,2.35789368,2.40927078,2.03450257,2.21349335,2.01450257,1.83589670,2.25842635,2.35468718,2.47913141,2.39058579,2.24417720,2.42305775,2.38909743,2.36313150,2.44229140,2.43755385,2.46148030,2.42505056,2.30373233,2.46270880,2.20882818,2.39878956
2.45346346,2.31215031,2.42179212,2.18600299,2.40930003,2.38495651,2.35398499,2.42115202,2.23571600,2.16853012,2.33784947,2.32463677,2.02112438,2.11341950,2.24033387,2.35134259,2.34241456,2.24738936,2.37267460,2.20061552,2.26463474,2.19826865,2.29896395,2.36783976,2.29068152,2.09323615,2.28759337,2.41324178,2.21818598,2.18091302,1.95964013,2.03320949,2.13383106,2.38265451,2.35392124,2.41102185,2.32763609,2.22794206,2.31266679,2.08280414,2.24038314,2.31362777,2.32990155,1.88659411,1.78696857,1.72747047,1.78802650,2.15348234,2.19259378,2.20316216,1.73139412,1.78719317,1.67118593,1.47717117,2.29788519,2.22722595,2.13272292,2.14674659,2.16246076,2.22575701
2.54566054,2.63358990,2.62795383,2.58871489,2.18249225,2.37061077,2.42345034,2.28776665,2.32421132,2.41559444,2.35596996,2.26625532,2.16762704,2.33449855,2.44326481,2.41900265,2.39811919,2.42521184,2.22917041,2.23207417,2.51908095,2.51404636,2.48277338,2.40134076,2.31881973,2.34475311,2.37661287,2.42371201,2.24020820,2.04941293,2.41331124,2.42520645,2.50548245,2.29661733,2.29849763,2.26295094,2.10669131,2.22002153,2.48136820,2.40282720,2.17628748,2.27880266,2.33421095,2.27889369,2.52284811,2.36244687,2.01519427,2.17634447,2.03810992,2.33494626,2.27543646,2.42723487,2.39105611,2.09804535,2.33012494,2.22291514,2.22712313,2.41970414,2.51650922,2.10119026
2.50216981,2.61497324,2.62003547,2.51981564,2.28422195,2.47413953,2.19360615,2.10740177,2.25334432,2.26151517,2.35563449,2.17030896,2.43661083,2.54149835,2.55187374,2.58487942,2.27358894,2.19148581,1.74662291,2.10391936,2.27411250,2.48635470,2.40738963,2.25336644,2.15247470,2.38747266,2.26310248,2.14285537,2.11379743,2.08524306,2.17347867,2.31982529,2.42286079,2.51900061,1.97551697,1.89712722,2.25650411,2.23909924,2.00345457,2.11385577,2.02668996,2.11469106,2.01746233,2.39895064,2.39856080,2.48786480,2.35759827,2.10939189,2.11701774,2.08144786,2.32599952,2.25433893,2.25493219,2.18184198,2.25607378,2.40713463,2.25651969,2.24751643,2.44194646,2.43390411
2.48366085,2.56154444,2.54853184,2.40449652,2.21296466,2.46181484,2.47807719,2.44165343,2.51322236,2.43417698,2.32579056,2.34933948,2.30771879,2.51246553,2.50218274,2.50041778,2.28119572,2.25722546,2.28809152,2.15774248,2.48135564,2.47703016,2.38691966,2.20853915,2.27856239,2.38035405,2.36902561,2.34011655,2.51759167,2.47329028,2.41050408,2.23194472,2.48706215,2.46123343,2.43087950,2.31760929,2.17925385,2.27853704,2.16662416,2.06836684,2.50403114,2.44534082,2.36535423,2.05888280,2.07311381,2.41620545,2.36124716,2.16908489,2.14456071,2.37932759,2.13258372,2.26848828,2.45889287,2.41227410,2.38795590,2.36053393,2.28218341,2.40619863,2.42203183,2.36734253
2.48374741,2.53804320,2.55153136,2.55011331,2.41250036,2.34998639,2.37945483,2.50876698,2.48645663,2.41691015,2.43465715,2.45354760,2.46168458,2.34881108,2.38798331,2.42492298,2.41570180,2.22725185,2.31226576,2.36874365,2.42158590,2.43299055,2.34806983,2.41885667,2.34973485,2.37560025,2.46352095,2.35233702,2.27771875,2.13905880,2.29032846,2.33994524,2.47022574,2.37230160,2.37961919,2.21011598,2.35903621,2.38374803,2.32869785,2.39581375,2.31811242,2.40730024,2.25361554,2.26796573,2.32962373,2.06566503,2.16769126,2.45976925,1.66855801,1.30886299,1.46012340,2.14804172,2.17868594,2.28609789,2.39681507,2.33161243,2.23122269,2.25884318,2.25509193,2.18771763
2.39046841,2.45796149,2.51351532,2.48798792,2.51069569,2.47256285,2.43353392,2.40015708,2.28104352,2.39096746,2.41972506,2.44148676,2.41572115,2.52245887,2.49713685,2.51363960,2.45771757,2.47732855,2.38381194,2.34294242,2.46087007,2.46910774,2.40385014,2.29899906,2.40041449,2.38261399,2.43489589,2.30916187,2.42062992,2.45683634,2.42702159,2.40465033,2.45987740,2.53041194,2.50630605,2.23989963,2.29916273,2.38088822,2.37377814,2.17018179,1.91776481,2.06779677,2.15346716,2.33315504,2.10138092,2.28334320,2.36476089,2.32964087,2.41984879,2.36793330,2.32130933,2.38915108,2.41734773,2.41766899,2.42779570,2.47537233,2.30983450,2.31509793,2.30267530,2.36682339
2.48227589,2.46487143,2.47333879,2.54175534,2.41469739,2.34792305,2.31416498,2.34137508,2.39071264,2.46051839,2.48561482,2.35094910,2.50960019,2.45071487,2.45309398,2.49017217,2.42609861,2.26314046,2.12177749,2.38018104,2.50801891,2.53333726,2.51457163,2.46285559,2.39330276,2.43928533,2.44234842,2.35477207,2.26556438,2.14980985,2.40566626,2.28453828,2.33937811,2.38925065,2.45253079,2.27003500,2.36002360,2.23322302,2.33136635,2.22651356,2.15475558,1.98522316,2.23700509,2.25956730,2.21011176,2.34063820,2.48388843,2.23762704,2.22905588,2.10669921,2.12738054,2.23913049,2.31743624,2.45579932,2.37666840,2.32081364,2.45705612,2.39108757,2.31036271,2.39898873
2.52625317,2.56182563,2.55313071,2.54155281,2.43345995,2.38871322,2.49222555,2.46607302,2.49488799,2.39588921,2.33857216,2.21429116,2.33462782,2.52413738,2.44280060,2.29339090,2.19754315,2.24360940,2.19103739,2.32603677,2.46085449,2.45586483,2.41944584,2.22096860,2.19304530,2.15735671,2.29823676,2.38411475,2.54184725,2.48603545,2.37957980,2.33134991,2.31631613,2.45158407,2.39407359,2.40776891,2.30588008,2.40069050,2.33095909,2.38383178,2.25767237,2.44352136,2.40808953,2.50943927,2.46217786,2.39115453,2.14868545,2.17185202,2.45013961,2.19080576,2.27530789,2.22540005,2.42018741,2.34509697,2.28512296,2.40702039,2.40471717,2.15667630,1.88690625,2.16660377
2.48317064,2.41257367,2.47360276,2.51587386,2.43869985,2.40043835,2.43985257,2.40400596,2.28807378,2.37287405,2.35613759,2.37559496,2.50653502,2.50019055,2.41344899,2.43306070,2.42966408,2.30591325,2.29984359,2.47400161,2.34188935,2.23978846,2.21088751,2.28074428,2.30100334,2.21938941,2.06956362,2.02416969,2.25329580,2.33585562,2.23588494,2.22545783,2.24711456,2.42536728,2.47370043,2.45097689,2.32541574,2.35836196,2.33170859,2.27102883,2.06880278,2.04174526,1.86635692,2.31040179,2.33626524,2.02267456,2.40482163,2.05642218,1.84205327,1.85307651,1.88754890,2.18600214,2.30563834,2.05845705,1.99626685,2.26782155,2.30397588,2.44326019,2.33891135,2.21456986
2.55307823,2.52059204,2.48103046,2.53885586,2.46691506,2.54315938,2.52498939,2.45387748,2.41105178,2.57104951,2.52875122,2.44224102,2.30538870,2.48803828,2.36839100,2.31818991,2.62416774,2.57992546,2.53455320,2.38173317,2.47612670,2.53408758,2.53656537,2.51912317,2.36766294,2.48455313,2.50803271,2.51846167,2.44738818,2.54676173,2.47657349,2.49340012,2.53937831,2.41214493,2.48983435,2.41113342,2.39776768,2.35685917,2.32854238,2.03324316,2.06434841,2.26050352,2.21598740,2.36663175,2.27852957,2.16836426,2.22991531,2.05822550,2.00987210,2.05814143,2.42076038,2.40585566,2.28853776,2.38958910,2.54444489,2.38002950,2.32579902,2.49290117,2.38237449,2.53121651
2.44365191,2.39182071,2.25651509,2.04437115,2.19598735,2.45201769,2.27966490,2.15352922,2.29053726,2.51794143,2.49715552,2.48918972,2.32575785,2.41185439,2.30891724,2.30894141,2.45576289,2.39518404,2.42267612,2.16485149,2.06723353,2.31923382,2.32951240,2.35892977,2.14629964,2.37949729,2.35333179,2.30859930,2.36912550,2.48396534,2.37464103,2.38562466,2.40412246,2.32358683,2.26993494,2.27796742,2.32109511,2.19128429,2.31908695,2.11105470,2.11381276,2.36082356,2.14840336,2.20081290,2.42144273,2.42633539,2.48105967,2.27976456,2.04230398,2.16984148,2.14818222,2.39027543,2.43430033,2.25462588,2.46213144,2.39689786,2.42515184,2.14263391,1.66923899,2.06277954
2.25250028,2.48221804,2.45917358,2.09868795,2.18656792,2.09539798,2.28803253,2.24249599,2.48025579,2.54599294,2.50698338,2.41040344,2.22063065,2.22089566,2.27285106,2.40834592,2.55060653,2.50907689,2.51140138,2.35506002,2.26688524,2.46664151,2.48701864,2.33666552,2.03288377,2.46704078,2.47946103,2.45205571,2.39739117,2.48321750,2.29414997,2.19810641,2.27000594,2.30014316,2.44365646,2.16174758,1.83918210,2.21390683,2.45788158,2.41997991,2.28574702,2.24922543,2.30437717,2.28150741,2.15679394,2.22614209,2.28540223,2.29656239,2.33732037,2.43516020,2.22864557,2.25973082,2.27198457,2.35691938,2.32811353,2.28762240,2.28650133,2.33635972,2.37398269,2.27548120
2.33466372,2.22509481,2.26576600,2.02251656,1.96686082,2.39328076,2.45885262,2.43501143,2.49657104,2.53343227,2.56118859,2.50258665,2.43170002,2.43993972,2.35873643,2.41683778,2.32284214,2.44123445,2.46733235,2.39223863,2.43207356,2.26588257,2.35439451,2.37260067,2.26175803,2.39879363,2.27966269,2.44630559,2.39557480,2.38067259,2.45055375,2.41094047,2.34934334,2.23852287,2.28863283,2.20912669,2.03952788,2.15920861,2.23548578,2.13376437,2.40881428,2.46675815,2.43659637,2.35895193,2.33919695,2.30421264,2.33275773,2.32699307,2.36832206,2.32214686,2.31914893,2.42615809,2.38919192,2.45066249,2.26788878,2.22257883,2.08786654,2.33906371,2.46295598,2.44827513
2.49957377,2.34198852,2.38155557,2.42416806,2.39100681,2.49823525,2.51049351,2.50400751,2.42935583,2.52464555,2.54337992,2.52835109,2.43209354,2.51930352,2.47969525,2.47385536,2.49051309,2.47487615,2.45527920,2.38429659,2.35876974,2.51661063,2.49659492,2.53995657,2.22966601,2.52258949,2.52465165,2.49304699,2.42929278,2.41483210,2.40547967,2.35808308,2.48618864,2.33280887,2.35592218,2.35899321,2.29472392,2.30965102,2.27546642,2.29671286,2.32979703,2.32836001,2.38126939,2.13264840,2.38443090,2.26204306,2.47840494,2.42975287,2.44873981,2.41324338,2.45465651,2.45825717,2.39949145,2.44169949,2.50548531,2.50571718,2.49527780,2.30578644,2.25591600,2.42211940
2.42696691,2.37042681,2.22874967,2.29034110,2.34529233,2.37290588,2.40024565,2.46181198,2.37425114,2.46303385,2.48305860,2.43236805,2.21802586,2.43053530,2.39884512,2.37263816,2.39057668,2.42453566,2.43115314,2.30699778,2.30414037,2.37985262,2.34534426,2.33723005,2.20637842,2.19083146,2.35582913,2.25045355,2.24116029,2.34728141,2.19359861,2.30275582,2.23915641,2.26325408,2.09258128,2.27144730,2.13670694,2.03358560,2.04442593,1.87498228,2.00343449,2.05021356,2.22706360,2.05978030,2.11568584,2.14960481,2.30388483,2.17194429,2.00172484,1.61013064,1.97031195,2.11542251,2.11690442,2.12131677,2.19936087,2.34602224,2.11571436,2.06345906,1.88661114,1.86962165
2.34299948,2.42640058,2.59018966,2.34001879,2.26644027,2.34053616,2.29715237,2.48025951,2.50043343,2.57846141,2.50529264,2.53211700,2.55270772,2.51112795,2.40909941,2.49549382,2.41371581,2.52631614,2.47644163,2.33669283,2.42000146,2.48447716,2.55536380,2.50560097,2.46186071,2.51708330,2.53493704,2.48936785,2.43465611,2.35298396,2.38447972,2.51586379,2.33121068,2.43551019,2.45429425,2.41048853,2.34200060,2.34716656,2.42598245,2.46952030,2.05897802,2.27140751,2.04638331,2.10479898,2.53111168,2.52649230,2.44454135,2.43675911,2.26207631,2.24670473,2.40184878,2.37997145,2.55157777,2.42544042,2.39645178,2.37195336,2.53398581,2.46517378,2.28820130,2.41890591
2.05517957,1.84378304,2.02704031,2.47355168,2.52414788,2.56594685,2.33967306,2.50175678,2.40128982,2.21175486,2.41144056,2.50823905,2.28374776,2.29192453,2.02202734,2.24405988,2.23877500,2.30642091,2.53858985,2.47895492,2.51526010,2.36565850,2.27279017,2.34452001,2.39222411,2.20611820,2.14142719,2.32357543,2.37308426,2.17775650,2.10843802,2.05961506,2.32943306,2.38478602,2.36479849,2.26252841,2.41213498,2.41240697,2.02376586,1.93972374,2.33254253,2.38058632,2.40161235,2.02697991,1.90633305,2.07620929,1.96462889,2.11738830,2.37598154,2.32680723,2.15881920,2.12330480,2.08502556,1.85885695,1.84472494,2.42875542,2.32129707,2.36369296,2.26246782,2.18632646
2.43856656,2.55996872,2.55852968,2.47418629,2.33325496,2.46081079,2.43918331,2.31902241,2.38465321,2.52169000,2.28851378,2.15713913,2.23279277,2.55753388,2.56207677,2.55231647,2.31034440,2.44113411,2.44149483,2.36381394,2.49108962,2.54261274,2.45133008,2.44383246,2.30843625,2.39095152,2.44596514,2.39792510,2.54188802,2.54374797,2.48548285,2.29170888,2.38909443,2.47242207,2.44099463,2.35032780,2.40132370,2.30704196,2.33055022,2.36116005,2.06426909,2.41346817,2.11343389,2.23423590,2.33419241,2.35773840,2.15699362,2.01077163,2.08754836,1.96879553,2.31472104,2.38934186,2.32841497,2.38542138,2.28033724,2.39785253,2.13849894,2.21212299,2.17641616,1.99357293
2.43797907,2.55890624,2.55462949,2.45476947,2.36650936,2.39466581,2.37085734,2.32659861,2.48543019,2.47928612,2.32897054,2.32513421,2.26639550,2.44366227,2.48698154,2.39898772,2.10516083,2.10775323,1.95450429,2.19908341,2.48127535,2.45571666,2.36433647,2.17532266,2.21284101,2.27837817,2.24496118,2.20916333,2.20924950,2.25908723,2.30813954,2.40135378,2.38594231,2.34671111,2.01067301,2.11510853,2.02380110,1.93054090,2.15358634,1.72100256,1.90306222,1.91120930,1.88797438,2.03980258,2.36796397,2.31995356,2.24479959,1.97805972,2.04092741,2.12325697,2.25778558,2.30668423,2.24486857,2.39627555,2.22213009,2.08670974,2.28594564,2.27512792,2.06695510,2.12284096
2.53605397,2.56445371,2.56111589,2.52923374,2.43889864,2.31549878,2.37620614,2.55510830,2.52057763,2.46147690,2.54174054,2.20863837,2.26232167,2.53834111,2.55253018,2.52858428,2.39954574,2.28000428,2.28011818,2.25727107,2.54771718,2.55513587,2.45422062,2.23382857,2.14396801,2.37657519,2.35096144,2.28812462,2.35607171,2.44543892,2.30528308,2.16770446,2.30917809,2.48642073,2.41757336,2.13303814,2.08825817,2.05253381,2.29616766,2.24036238,2.28208725,2.41123305,2.32820786,2.02002874,2.11283634,2.39790392,2.13889266,2.13495526,2.38913781,2.44282807,2.26447213,2.17074459,2.43803437,2.29536403,2.36458143,2.29210715,2.06968160,2.31422865,2.21514745,2.28024018
2.58377222,2.46348071,2.48076121,2.50359065,2.47491087,2.47363968,2.58217944,2.38752988,2.45656885,2.46978637,2.42522322,2.37223760,2.48359327,2.31477102,2.39846350,2.47245202,2.57626692,2.49394269,2.42010769,2.35621615,2.28488782,2.40825751,2.48418730,2.31705299,2.31499924,2.44820579,2.38367805,2.42303111,2.43061285,2.26882883,2.32530191,2.17598265,2.31342149,2.33032093,2.32830467,2.00714276,2.31799356,2.43224109,2.35957123,2.36880338,2.38311089,2.42543504,2.39280094,2.44000466,2.42204932,2.53083443,2.45908507,2.34494213,2.08376720,2.43219704,2.34788845,2.43816747,2.30647604,2.06863559,2.16279448,2.37676418,2.42644754,2.45909113,2.30491878,2.38282148
2.36801535,2.47958452,2.45933797,2.26796830,2.33966762,2.31138245,2.26785930,2.22141466,2.39763326,2.44868985,2.30826811,2.29142755,2.32002974,2.21625233,2.31057445,2.35232532,2.38273675,2.40711110,2.31358893,2.15514962,2.34315454,2.35220870,2.33082560,2.17499031,2.06627105,2.40266788,2.43726500,2.42384628,2.43643925,2.34621730,2.38621209,2.31342202,2.32710909,2.43304531,2.29313415,2.01733971,2.27301993,2.20615191,2.25633207,1.91151628,1.78201249,2.21040676,2.32431601,2.16458968,2.37367570,2.39264204,2.31013579,2.35760605,2.17023283,2.14534544,2.03165901,1.62600369,1.71897009,2.26903034,2.41447927,2.34278599,2.20414720,2.00380469,1.88570025,2.08819092
2.39314924,2.46665678,2.39785377,2.48913574,2.36811999,2.32496351,2.11529794,2.18004967,2.40084275,2.34180046,2.25025861,2.36506359,2.51249689,2.34839234,2.39865213,2.43718689,2.42996589,2.32454204,2.13428574,2.32863551,2.49428722,2.49767657,2.42719583,2.44847310,2.33794448,2.29632892,2.20947347,2.16570155,2.16030239,2.35383177,2.35231330,2.33716417,2.37628008,2.16433864,2.00405274,1.87598041,1.99892487,1.89533593,1.71679745,2.11305098,2.26124531,2.44027294,2.30026372,2.35850610,2.31482943,2.26720506,2.39248855,2.23622225,1.95916426,2.13161993,2.35206516,1.98808171,1.91632355,2.05474407,2.38625827,2.17794882,1.95311760,2.06823164,2.41602933,2.32687620
2.49303670,2.55056974,2.53873724,2.46152024,2.36054011,2.45795386,2.37043430,2.52420638,2.51114867,2.54643144,2.44846468,2.18717331,2.38069802,2.42517982,2.48540394,2.52734049,2.28798204,2.27770374,2.13506067,2.18314617,2.48500297,2.44497919,2.40808500,2.26398551,2.21226595,2.31542488,2.40503333,2.43156596,2.35080343,2.29101460,2.34781610,2.47809937,2.42779787,2.33017685,2.35989118,2.20697805,2.13303016,2.19157509,2.22520297,2.14137449,2.26296278,2.10673718,2.00192376,2.46215802,2.32280688,2.17239278,2.21906786,2.14981685,2.17754580,2.12186203,2.44150712,2.32064066,2.35425479,2.23838027,2.29468915,2.53197685,2.39239419,2.30868537,2.38551820,2.30498226
2.61582994,2.53852004,2.40291306,2.35504653,2.27255246,2.37906404,2.53900777,2.40423181,2.57308100,2.58333820,2.37045608,2.54033084,2.61351949,2.45298540,2.25795302,2.19530020,2.21423730,2.33656346,2.41730560,2.51795326,2.40984289,2.32699024,2.46761336,2.52598769,2.46213988,2.21769733,2.19549557,2.30203130,2.32389991,2.22185761,2.37043735,2.33084594,2.47237877,2.39804006,2.24406870,2.09713732,2.18953882,2.47137485,2.32852136,2.26002441,2.40786189,2.35655111,2.27828008,2.12636887,2.25361914,2.30438801,2.30247290,1.93375130,2.00940604,2.02281745,2.22710707,2.39139531,2.36896728,2.30394912,2.32955366,2.41425100,2.27132932,2.21582579,2.44101336,2.39101976
2.44766443,2.37435717,2.32963804,2.30423209,2.19311986,2.35844261,2.30161826,2.32180268,2.33161219,2.54024505,2.51119465,2.41225520,2.29469078,2.40352173,2.31313203,2.18942480,2.48224395,2.45206090,2.38858701,2.26635513,2.37254562,2.52039588,2.47835654,2.51033164,2.05987825,2.45979717,2.46271447,2.48287548,2.36722301,2.35545583,2.43705725,2.43022161,2.47420338,2.42947128,2.55583311,2.46034336,2.38725699,2.35098058,2.42863445,2.29881479,1.88006714,1.96616279,2.07698543,2.39274420,2.37696254,2.24600712,2.36321000,1.92711195,1.91384693,1.96378034,2.33378566,2.40226644,2.34131496,2.14973298,2.31370146,2.39952655,2.43227082,2.42898951,2.38459229,2.48658043
2.39124204,2.35925145,2.13672088,2.05760136,1.80083941,1.95524416,1.83330922,2.16906301,2.36538685,2.47205483,2.47341743,2.38131240,2.06776094,2.21686050,2.34291697,2.34106151,2.47104269,2.44879014,2.40615483,1.97165102,2.19268524,2.43214277,2.40429862,2.32506297,2.10159418,2.18613046,2.21418120,1.94122478,2.09125674,2.38280177,2.19724591,2.28800837,2.40156413,1.83170140,1.93830432,1.62518740,1.86332601,1.95428059,1.76681174,1.89781485,2.14780827,2.27234206,2.14011077,2.33808980,2.36728876,2.23381308,2.27778943,2.28279158,2.13436625,2.11299902,2.32679355,2.37916092,2.18390820,1.95102394,2.22272501,2.19569122,2.29251877,2.24188156,2.08679157,2.25743018
2.43321217,2.37068030,2.35144106,2.36714938,2.43559082,2.31132267,2.29389701,2.17230647,2.41535090,2.55396107,2.46154569,2.50999089,2.37172362,2.25032564,2.21060422,2.40296750,2.46439196,2.42999221,2.50914963,2.26237240,2.22467766,2.47173075,2.41925906,2.46805985,2.08537866,2.45640022,2.48986002,2.33910401,2.33392950,2.50362835,2.43557663,2.23689099,2.26714534,2.25313967,2.36822257,2.28608982,1.87017725,2.32898832,2.38945903,2.38319544,2.18481193,2.39354678,2.37235947,2.49099186,2.43154902,2.34351753,2.30685427,2.46110001,2.42626256,2.30412787,2.15506947,2.24909300,2.41976267,2.33236326,2.40004638,2.32513720,2.10246731,2.18278155,2.39867803,2.30587099
2.25765151,2.15582859,2.04572327,2.21225593,2.21577972,2.47099902,2.47478185,2.40693661,2.57890257,2.47161263,2.40114507,2.49984671,2.52526349,2.48199459,2.41821926,2.55319515,2.48749069,2.48996723,2.41705259,2.44140285,2.40538426,2.57439348,2.58400256,2.41946903,2.08947756,2.43755659,2.31543425,2.43308134,2.47298787,2.48386407,2.50349777,2.31589103,2.31510235,2.46428346,2.35230051,2.38744861,2.46471044,2.26798928,2.22933538,2.36635014,2.46507451,2.50492678,2.38440246,2.40372972,2.56774414,2.45280670,2.36445439,2.32870824,2.34952656,2.54396854,2.53487832,2.57756709,2.49922083,2.34368928,2.30613698,2.41421894,2.42115717,2.41628111,2.50518023,2.47045957
2.34451711,2.20411981,2.13151975,2.13887173,2.27282357,2.25285118,2.25941242,2.26607718,2.32251993,2.30739819,2.27551791,2.24660577,2.18120942,2.29930896,2.24695908,2.30815496,2.32922922,2.35935700,2.34612116,2.16369536,2.22205635,2.28991074,2.31549709,2.31648413,2.04632750,2.32136756,2.37323126,2.36866528,2.24081137,2.29089181,2.34882745,1.84489356,1.99510497,2.18299841,2.33747824,2.22229725,2.19570283,2.24201914,2.19533885,2.22349370,2.21549918,2.23727529,2.28566313,1.43004470,1.23243431,1.83133608,2.28149723,2.18072094,2.19785086,2.09878870,1.95127641,1.80268684,2.26015319,2.30221415,2.26169767,1.89066348,2.18274773,2.15679742,2.11599384,2.24982506
2.56856142,2.54055715,2.36038901,2.33599233,2.31005756,2.39883298,2.62365899,2.46903416,2.49341985,2.60346730,2.65036992,2.57689990,2.53661165,2.59394091,2.64218144,2.61126375,2.51597400,2.41646998,2.53828902,2.59274738,2.60692864,2.59008424,2.54493327,2.58111833,2.44665506,2.34166582,2.38730366,2.44825079,2.43610509,2.35470839,2.45120785,2.48115500,2.57993350,2.60951468,2.49982156,2.36528540,2.32639868,2.16669190,2.30202120,2.25067345,2.29802204,2.30772062,2.25755437,2.14711986,2.62013837,2.56656773,2.42036298,1.98024128,1.86150932,2.16128912,2.16089143,2.63623616,2.51251798,2.43181142,1.91701638,2.34338632,2.63563562,2.60642301,2.38473729,1.97323846
2.19352512,2.19204199,2.16776008,2.36344061,2.37034104,2.36793622,2.35982212,2.34103195,2.44096976,2.48393429,2.47162745,2.42371165,2.22781099,2.19731009,2.27048655,2.33743531,2.40080897,2.31428652,2.37081878,2.29936456,2.33508925,2.40795620,2.43849758,2.33346801,2.17012544,2.31544425,2.31679140,2.32656611,2.27772087,2.27749330,2.35488485,2.29773095,2.23797722,2.25376256,2.41326697,2.20937410,2.05238851,2.27235658,2.37081382,2.35979396,2.20317614,2.33510115,2.25126652,2.07392311,2.09724805,1.84943223,2.25300717,2.37976041,2.18338049,2.23022639,2.26296179,2.19110127,2.30581906,2.04971928,2.32697039,2.16828802,2.17611895,2.36251691,2.40716782,2.30299278
2.53892596,2.49301543,2.35635755,2.19462428,1.82769904,1.75885075,2.17819405,2.33284082,2.42919683,2.51521769,2.42996929,2.46966585,2.44195412,2.46165651,2.49720196,2.41849852,2.53162435,2.39839489,2.31212251,2.31683889,2.47603732,2.37057148,2.44802216,2.49884111,2.31651741,2.22027337,2.16274454,2.26496231,2.40361119,2.25776952,2.13564803,2.16561843,2.33399695,2.30585370,2.20677536,2.14129653,2.31879553,2.13918578,1.84439156,1.94964468,2.23150411,2.16732315,2.38397095,2.46428502,2.40428016,2.50275867,2.45093932,2.28405877,2.25922990,2.37492724,2.36494296,2.36768258,2.44296611,2.20257870,2.09280490,2.33052721,2.41322795,2.36279967,2.33138912,2.10303011
2.57713808,2.40822958,2.48381953,2.55477368,2.63110067,2.61435624,2.54179334,2.36547701,2.40133337,2.41234446,2.41257358,2.50570563,2.52494045,2.48554910,2.50248421,2.38367466,2.49232955,2.42391343,2.40258668,2.49877826,2.54144757,2.54669761,2.32681484,2.59484658,2.62079462,2.57435984,2.44083207,2.52584909,2.58176747,2.58032454,2.58470064,2.37269636,2.58886183,2.50669605,2.57159629,2.51554006,2.57318214,2.56030569,2.26857245,2.19018007,2.55804928,2.54775313,2.48056651,2.50918571,2.31531827,2.30134440,2.15112788,2.17740794,2.50004655,2.58068372,1.55354814,1.25735730,2.12037180,2.48080453,2.45044584,2.47925486,2.53697117,2.49645964,2.50300640,2.43844101
2.50976425,2.46279004,2.34223740,2.51971148,2.63730022,2.63618436,2.57673543,2.14847796,2.21346673,2.37623462,2.55963318,2.54269163,2.57259862,2.52703229,2.44043571,2.35162498,2.26501025,2.25602529,2.19361334,2.08394016,2.08260741,2.13315618,2.33165110,2.52097939,2.52085368,2.57630749,2.50266868,2.30726082,2.32071871,2.53411222,2.60100269,2.52090862,2.54502729,2.56420911,2.53122661,2.39707678,2.57669680,2.56652259,2.48395408,2.32065613,2.48368657,2.39519187,2.38117488,2.14823262,2.46031240,2.49028316,2.26940992,2.34325768,1.54061115,1.37204306,2.18814433,2.48968252,2.46566700,2.26463356,2.41242060,2.13278344,2.31571417,2.52799292,2.53165878,2.44806150
2.27687012,2.42716416,2.41696616,2.44182311,2.47669011,2.47061531,2.46120338,2.42987530,2.29248029,2.36257398,2.30736589,2.46591790,2.46171303,2.30504536,2.05275060,2.34917122,2.46689636,2.42483507,2.32179369,2.10825305,2.29656453,2.33964018,2.28145624,2.26693636,2.39991377,2.29852299,2.30599463,2.29317359,2.33700350,2.33910264,2.45743631,2.30168996,2.28009744,2.27887827,2.16076637,2.40608996,2.42152385,2.37597758,2.00349480,2.33535915,2.32043536,2.44359058,2.31304619,1.93780423,1.85774580,2.16994752,2.14021647,2.10661811,2.31445037,2.31142978,2.20080340,2.19169011,2.24920041,2.29072556,2.36831264,2.26512354,1.88194649,2.21792665,2.28814966,2.22143415
2.29636910,2.30162584,2.26557870,2.38702025,2.46550946,2.49353795,2.47238507,2.42592883,2.43308290,2.47675234,2.44422917,2.47455331,2.46515662,2.46659703,2.29309054,2.35677250,2.46632644,2.52629456,2.50293151,2.35869645,2.33384212,2.32165853,2.21566822,2.34864228,2.34124998,2.27629071,2.16116491,2.19841686,2.40124216,2.47488099,2.49555839,2.39826125,2.34547700,2.38483677,2.14982100,2.26632616,2.38746855,2.41342738,2.27578735,2.37781929,2.25508941,2.32052850,2.15527066,2.32888765,2.28076154,2.40355721,2.34425373,2.22311364,2.40732688,2.30820968,2.39943085,2.46317697,2.35256402,2.47760383,2.34620977,2.41876456,2.37591744,2.51102447,2.30085811,2.36400661
2.58808549,2.55536658,2.41868873,2.46561389,2.32217249,2.48124080,2.40420452,2.42765409,2.42650795,2.38888904,2.47076104,2.60804241,2.57211653,2.54112072,2.43792192,2.44044954,2.36486022,2.24188267,2.51752420,2.49184318,2.55196224,2.55899954,2.48910054,2.52321947,2.52427984,2.48730941,2.45442678,2.54490221,2.49668427,2.49795327,2.49384838,2.50404428,2.47421459,2.44796468,2.52490787,2.54728044,2.56790647,2.55710523,2.58060456,2.59461657,2.38683496,2.53500996,2.41396697,2.26381398,2.23449284,2.31924942,2.45799539,2.44805515,2.31945634,2.49250516,2.56760880,2.57182050,2.49601697,2.58846532,2.57696061,2.55885076,2.46347690,2.48808535,2.50346433,2.55582286
2.51459944,2.52489139,2.13366547,2.07124209,2.03308052,2.27453180,2.25132229,2.16768570,2.27699028,2.21955215,2.26299452,2.52295877,2.50589936,2.49812921,2.38699975,2.17261701,2.35797712,2.35679763,2.34325609,2.46038800,2.46046333,2.38004025,2.44150261,2.41273688,2.39059155,2.42649312,2.27155003,2.37445383,2.38794659,2.38593294,2.37326894,2.45214194,2.43036984,2.32862657,2.37955430,2.38922203,2.35051243,2.42532243,2.50025908,2.40932072,2.29124463,2.32255870,2.32504337,2.48014938,2.46202677,2.46176111,2.41058048,2.37161726,2.44738414,2.44419824,2.42278144,2.42141739,2.50068293,2.49685173,2.42813656,2.50180495,2.51114996,2.46891688,2.45098125,2.45770513
2.48259026,2.46539173,2.36604520,2.31644663,2.38223033,2.31791053,2.20560711,2.35906616,2.21072582,2.06469126,2.12018750,2.41363081,2.43167647,2.37148732,2.17642524,2.25782857,2.29757280,2.32489828,2.26364518,2.39133931,2.35818644,2.42664657,2.42099822,2.38269660,2.36561416,2.38128847,2.29331192,2.37521962,2.28385453,2.35073017,2.25757174,2.33661340,2.37567018,2.41420563,2.41585844,2.30197804,2.23412184,2.05040751,2.15007103,2.32083293,2.35306556,2.39843017,2.24766692,2.33703535,2.42018491,2.29657461,2.24454403,2.02929906,2.05651222,2.24711919,2.19926145,2.39823901,2.30898341,2.37062864,2.36223030,2.41034765,2.36955984,2.35895373,2.31772186,2.33855950
2.54675062,2.43558116,2.41571019,2.37359266,2.40699626,2.47540472,2.49767712,2.32390359,2.28791488,2.25458579,2.42496849,2.53335595,2.46148032,2.49284945,2.57068108,2.46408832,2.25480632,2.32228018,2.62283732,2.57889634,2.57477231,2.54414686,2.48088527,2.58287598,2.54985431,2.50535080,2.28816079,2.15962491,2.27978882,2.35655190,2.48759420,2.51855800,2.43551533,2.50045081,2.47192242,2.36139906,2.29897046,2.42885390,2.42266477,2.38731088,2.47284801,2.45153730,2.42781717,2.40045827,2.36941666,2.47628970,2.46277386,2.13722490,1.98612428,2.28700184,2.32246461,2.27131904,2.40178482,2.33575018,2.42584653,2.46164131,2.38027594,2.49412318,2.35523375,2.43439275
2.45559949,2.45798525,2.29031554,2.34052094,2.41641535,2.53581899,2.45168702,2.34631544,2.45224955,2.53838306,2.51447650,2.51971814,2.08684511,2.31862666,2.46508423,2.41834040,2.45965800,2.41640412,2.46071833,2.46461205,2.38879071,2.47447843,2.40888508,2.41881002,2.29937181,2.50049393,2.52145725,2.46644719,2.48843066,2.52784033,2.37251106,2.46462541,2.46377358,2.44068918,2.41470487,2.29631698,2.24955833,2.31608258,2.50642310,2.49330261,2.33676110,2.41725422,2.36184330,2.41068563,2.43048299,2.38864476,2.25682090,2.14847575,1.98863117,2.17830808,2.33098306,2.32790951,2.43778853,2.51621396,2.51299941,2.31718444,2.32181983,2.35141505,2.11555480,2.31256069
2.46337985,2.42128801,2.23689639,2.22002021,2.33615921,2.27015774,2.32821439,2.37196035,2.38940956,2.53886287,2.51267565,2.36221090,2.20877738,2.31836198,2.41809470,2.39629557,2.46667360,2.47128361,2.45633040,2.44767072,2.49108531,2.46880954,2.49149045,2.36692343,2.26902513,2.27149970,2.08718523,2.19547480,2.34670379,2.39642582,2.45873405,2.48471405,2.51715158,2.53763921,2.51742985,2.44762629,2.33964443,2.43537879,2.52245617,2.51447990,2.12272874,2.26040535,1.99587815,1.94141182,2.36347858,2.38609016,2.30344575,2.30355872,2.38870436,2.40449920,2.41191109,2.47413020,2.44772276,2.50167365,2.47625544,2.47290507,2.46899803,2.38753971,2.35569934,2.32110112
2.28842538,2.43243892,2.46095962,2.44316963,2.39117186,2.31213314,2.20682954,2.42297575,2.51638779,2.45147658,2.48793872,2.33304824,2.32919008,2.24606745,2.25327230,2.48463477,2.41502503,2.50846517,2.30454206,2.39198058,2.49071014,2.41105321,2.41751037,2.37253377,2.44503833,2.47591770,2.34163148,2.50034225,2.47461380,2.31779952,2.43860896,2.51060508,2.44600298,2.45763527,2.34176259,2.34436353,2.42130109,2.49110080,2.23232431,2.34960663,2.39258344,2.39930935,2.15340606,2.30835396,2.39624396,2.30667559,2.42413837,2.43616271,2.31887562,2.02578804,2.44385294,2.46887362,2.43926127,2.41590055,2.40001450,2.49563506,2.48348594,2.43799514,2.41504849,2.33399115
2.34239664,2.46668768,2.41760787,2.43373283,2.26555945,1.93163266,1.76710623,2.18229782,2.52343773,2.44154301,2.43656017,2.29691678,2.18100816,1.89346539,1.91275269,2.42925092,2.38383999,2.45746263,2.45032960,2.22851434,2.43259499,2.39060082,2.45431236,2.27084187,2.45415950,2.32605519,2.40197230,2.50034773,2.51562330,2.45779285,2.46226613,2.52628027,2.52508285,2.48721074,2.42397932,2.51939034,2.54567901,2.52051230,2.28998428,2.35621981,2.41577241,2.35256905,2.46327673,2.32488147,2.34025974,2.19177316,2.27927783,2.34813087,2.42473484,2.48419716,2.47665015,2.37754567,2.40949644,2.45309349,2.48262745,2.42420920,2.40569837,2.41659863,2.46155951,2.38378471
2.57013953,2.59288061,2.56999597,2.57142296,2.50829332,2.57607416,2.38373236,2.52343778,2.56990683,2.36776778,2.44419714,2.38976784,2.42393779,2.52153178,2.59607152,2.56620534,2.51235538,2.58545765,2.55826896,2.58075597,2.50312703,2.49985437,2.51176451,2.47841515,2.56894407,2.53588321,2.47283236,2.45117694,2.58451672,2.55752394,2.55186171,2.57779117,2.58023491,2.58338455,2.48415131,2.51427246,2.43328275,2.48829192,2.47368455,2.41731245,2.53799712,2.54103213,2.49498868,2.45247407,2.54967026,2.50265601,2.47052933,2.46287221,2.44481196,2.42782802,2.29875490,2.47313268,2.56287898,2.45798680,2.40258846,2.28725355,2.40416454,2.41173177,2.45294427,2.44053829
2.44839943,2.41327893,2.39433782,2.37822983,2.40545797,2.47034793,2.41529056,2.51000898,2.41205525,2.43028460,2.26818833,2.30739943,2.44378423,2.45651419,2.50269185,2.44641485,2.45933845,2.43317603,2.45137864,2.50341979,2.44286228,2.42305799,2.45109694,2.37864801,2.53389208,2.47476091,2.52195030,2.49547609,2.45059902,2.50664838,2.48623433,2.51120218,2.47039789,2.40867548,2.36300408,2.51473931,2.41258524,2.41578448,2.19648242,2.28853023,2.38296855,2.28950863,2.32597598,2.46963415,2.49580809,2.49424877,2.35836571,2.33774704,2.30867521,2.29172547,2.24261569,2.33995511,2.45960105,2.44424097,2.40063486,2.37670090,2.43406514,2.34617098,2.33667829,2.36628187
2.41875726,2.46111494,2.38985796,2.36799742,2.31246634,2.30607749,2.44544044,2.42121635,2.39090996,2.35198159,2.34521900,2.31625022,2.37036744,2.40394487,2.34953256,2.40704229,2.27988982,2.32550504,2.34236025,2.36839393,2.37953288,2.29034844,2.39699337,2.27719336,2.36129702,2.35413061,2.35188921,2.39179521,2.39019820,2.35572494,2.33184033,2.28007650,2.16836453,2.20787857,2.36312955,2.28472321,2.06440420,2.18443679,2.19295372,2.02034347,2.31511557,2.34834275,2.34016090,2.10237956,2.24035136,2.38125763,2.35134522,2.19561988,2.23625421,2.22538344,2.20974484,2.16591351,2.28354232,2.40137030,2.30954647,2.31926985,2.24943757,2.29293815,2.16223276,2.10771779
2.38267297,2.44775220,2.33639117,2.41152534,2.40932506,2.55012742,2.45627845,2.45478781,2.42536395,2.46510325,2.49956333,2.48984023,2.45923097,2.49627471,2.54266286,2.60595009,2.51126712,2.41181509,2.57067749,2.54149992,2.45411637,2.42375211,2.38497789,2.40658112,2.37016724,2.15240512,2.24790703,2.37811842,2.44899294,2.51110077,2.46992494,2.53339909,2.49015980,2.50854411,2.46541573,2.48361181,2.48719209,2.35450465,2.28268009,2.30187284,2.46997093,2.48837646,2.37797823,2.52909252,2.32440561,2.38327527,2.38483548,2.54601800,2.44527106,2.47708089,2.39725883,2.51248176,2.42929717,2.52973990,2.48611841,2.54784544,2.39637785,2.51610599,2.46478007,2.51934071
2.49241468,2.30876236,2.35872538,2.20101509,2.54461735,2.52827609,2.49621747,2.37178820,2.27958088,2.22215861,2.48615557,2.51612416,2.45275496,2.40659256,2.40112751,2.32042088,2.42283966,2.41671213,2.35487555,2.45040660,2.35578078,2.50137675,2.30506882,2.45792166,2.52904848,2.48449506,2.40630752,2.35906218,2.22151049,2.40031682,2.50491683,2.43934421,2.45414087,2.38271862,2.33588367,2.40452264,2.50676872,2.42301454,2.39163547,2.44721776,2.42162071,2.43871533,2.41290270,2.47575543,2.49532149,2.29494950,2.32226660,2.33110348,2.47589562,2.45414636,2.37181475,2.28938540,2.26926228,2.35125264,2.39494883,2.35044374,2.52963583,2.34676442,2.39935126,2.46903848
2.44221854,2.36102505,2.10121095,2.31316819,2.51220420,2.52333975,2.40763215,2.15566570,2.25690996,2.30239499,2.45640599,2.55174682,2.53516745,2.44546822,2.39359942,2.40676980,2.46621526,2.50936143,2.52335037,2.41767258,2.26457632,2.18259404,2.24614091,2.46149778,2.51614772,2.46990274,2.30059529,2.29673516,2.37268807,2.28704741,2.43565370,2.46133378,2.25956071,2.30950055,2.24033326,2.43781650,2.47091746,2.47820112,2.32747058,2.17616184,2.18201504,1.94563939,1.92616725,1.77576186,1.90032299,2.10417607,2.17616453,2.18963489,2.08022687,2.17239258,1.83345585,1.94841291,2.15922623,2.11822255,2.18007738,2.39290943,2.42449864,2.34770140,2.49494365,2.37065713
2.27405583,2.38525781,2.51654592,2.51703355,2.55564968,2.55350377,2.51464058,2.38234127,2.44365849,2.36311582,2.27827600,2.26511859,2.40842193,2.36599552,2.42584728,2.49937781,2.44515242,2.45895756,2.36031194,2.27751860,2.28416304,2.47147791,2.42465217,2.50858882,2.49834551,2.48882802,2.31185398,2.18244907,2.35319845,2.43631301,2.38174157,2.33974715,2.33332168,2.34285329,2.32399956,2.36393744,2.49459407,2.38740031,2.16306680,2.19999580,2.43504773,2.36368614,2.41964006,2.37446320,2.43970565,2.37414078,2.42228661,2.38464471,2.28832557,2.23833005,2.37078884,2.44688976,2.45025196,2.41750381,2.48814951,2.27335895,2.16208196,2.25595986,2.44337108,2.26518729
2.13210035,2.34979138,2.30256272,2.52163873,2.45569964,2.40752773,2.49032534,2.16637284,2.34045739,2.35217567,2.39872470,2.46369313,2.41887884,2.47370849,2.41543782,2.47544345,2.52923526,2.49032000,2.46050123,2.43277406,2.43420854,2.41829622,2.30996380,2.28578833,2.31152944,2.34028275,2.31744448,2.19057379,2.45824418,2.45948246,2.42163244,2.46216024,2.27493006,2.12395463,2.31044986,2.43846249,2.47851618,2.53586653,2.44838957,1.93129128,2.24499112,2.27769397,2.20129302,2.33310916,2.39934801,2.43506724,2.47512390,2.33467714,2.48523278,2.45087383,2.30067525,2.44090189,2.40183737,2.38901901,2.48560256,2.35856826,2.25648598,2.39597481,2.45020877,2.38724263
2.52231850,2.45975333,2.38080202,2.41664940,2.34073388,2.41077155,2.35299969,2.16592826,2.15015090,2.13586288,2.42178970,2.54798007,2.52566158,2.52798220,2.34344512,2.41522720,2.28591352,2.27152961,2.43887815,2.47799376,2.46371972,2.38695848,2.45080555,2.42699876,2.41626420,2.32165172,2.27077908,2.52911587,2.52265490,2.41614939,2.50208199,2.41107291,2.38268611,2.26249726,2.43728996,2.20676877,2.39317652,2.41192390,2.43379312,2.49479505,2.39519622,2.37601033,2.50804776,2.46759924,2.49783529,2.39524175,2.32531697,2.04276996,2.39825385,2.38737661,2.19599678,2.45082778,2.39277846,2.47098958,2.40703686,2.36906752,2.36340539,2.36659945,2.51897622,2.50080978
2.50229104,2.53740736,2.32695278,2.24460267,2.09243498,2.35075436,2.26270872,2.20339192,2.24831188,2.27430439,2.30418548,2.54687900,2.54266085,2.39093382,2.33701459,2.24673159,2.24333844,2.33416670,2.53687539,2.54894405,2.45856485,2.35535762,2.39964267,2.46220176,2.45181346,2.42881126,2.27311912,2.18905390,2.22612429,2.17887852,2.39476442,2.42766029,2.41288351,2.30841905,1.95474067,2.33007629,2.30017460,2.50019242,2.51761212,2.46271534,2.11950457,2.29518726,2.44609754,2.43920841,2.43894153,2.19831029,2.19269651,2.24573626,2.45214515,2.45688556,2.38004809,2.45542971,2.33766889,2.37457165,2.43458727,2.45798135,2.50243735,2.53853612,2.38684363,2.28766559
2.55160152,2.54239657,2.42144796,2.43387190,2.45381328,2.51751224,2.52140133,2.49822535,2.46266591,2.43690834,2.41978849,2.52643030,2.54044938,2.48327653,2.34816647,2.28947177,2.33301267,2.37952863,2.47530299,2.37602523,2.36806580,2.43874655,2.49495987,2.35007305,2.45578568,2.36738378,2.25983901,2.47378368,2.53849517,2.46453924,2.35299866,2.39132558,2.33527033,2.48726476,2.49767978,2.29692547,2.41020904,2.42205187,2.18538771,2.38605521,2.51045802,2.51689657,2.34632992,2.35556157,1.72659467,2.08163556,2.33507349,2.37825251,2.35269291,2.32003854,2.38158757,2.27927661,2.33164577,2.31751230,2.41437680,2.32213514,2.38271945,2.41289655,2.37766794,2.29770579
2.57217461,2.58728175,2.24602817,2.30018886,2.32602436,2.39291425,2.30766922,2.13001059,2.18205171,2.20115839,2.37546733,2.59004688,2.52454557,2.36921220,2.43335838,2.42335982,2.40181523,2.38435331,2.59253651,2.57986005,2.55269235,2.58550044,2.52521736,2.52836379,2.52085776,2.44618818,2.30156862,2.27378046,2.11833113,2.30847212,2.30769584,2.44894208,2.55973846,2.57398827,2.53794204,2.43854712,2.47643511,2.52073861,2.23649694,2.44738026,2.50122475,2.39003096,2.30239748,2.05059826,2.26705602,2.55638835,2.39594439,2.34869334,2.43481256,2.47686293,1.88183820,2.40806622,2.49584027,2.43910465,2.54868914,2.28809800,2.32052728,2.46168625,2.35928794,2.34465036
2.47671576,2.34449120,2.32233067,2.43475536,2.29231814,2.40733676,2.41490387,2.29253000,2.35861452,2.55243482,2.53599660,2.41577748,2.37184330,2.51374135,2.37926815,2.38383287,2.54188636,2.50505669,2.50154421,2.46781451,2.40966656,2.44268040,2.50271068,2.36460349,2.23752843,2.47874250,2.44621479,2.46132708,2.54939993,2.52622349,2.47188827,2.47241799,2.42629271,2.43120274,2.49033356,2.36141962,2.25646137,2.40948863,2.41601043,2.34016003,2.39252711,2.38681670,2.40324503,2.37373042,2.23012230,2.37553767,2.42136725,2.33229697,2.43518549,2.48785926,2.40952903,2.32026266,2.42760295,2.40262185,2.47144916,2.42655680,2.46753189,2.45168762,2.49587635,2.36807886
2.42341614,2.36689070,2.16878674,2.25180458,2.21667634,2.35962820,2.32956306,2.36104620,2.45952201,2.52410663,2.46377881,2.50059288,2.41750995,2.49561257,2.37906733,2.38274242,2.49241442,2.53658939,2.49850515,2.45633965,2.38190983,2.47930400,2.48427741,2.48408264,2.30073046,2.40078606,2.43217732,2.44437313,2.41964708,2.34473871,2.46235974,2.37535956,2.39746215,2.35919377,2.46895044,2.43227273,2.26596513,2.51091163,2.44299505,2.21224334,2.41609088,2.34796139,2.30900053,1.93916111,2.45891682,2.47586129,2.44167309,2.05336550,2.22946945,2.41767974,2.37916514,2.41699733,2.35294760,2.38825385,2.43942959,2.34236692,2.46314469,2.41222990,2.29222865,2.35368070
2.36704042,2.41201109,2.24264863,2.41210774,2.30601261,2.12911204,1.93785399,2.44818924,2.45874692,2.43119832,2.33702673,2.39320615,2.27409422,1.90969279,2.22794693,2.44105261,2.36714651,2.45368538,2.11159623,2.29692283,2.43149139,2.42303020,2.37442397,2.41561442,2.37586254,2.29761756,2.32081337,2.45155878,2.42676405,2.35425670,2.40952272,2.25531055,2.29846079,2.38055352,2.10602190,2.27124423,2.44625970,2.42264725,2.25961632,2.36259835,2.35796745,2.02751325,2.31604594,2.21600632,2.06369081,2.23048983,2.26910859,2.20614318,2.08593308,2.12548172,2.24376124,2.30535971,2.34529981,2.26858007,2.19383112,2.40189045,2.41960186,1.95574298,2.01372842,2.40510106
1.86244703,1.90392723,2.15047924,2.00090057,1.92185545,1.82192357,1.86168266,2.62380634,2.54288994,2.60567600,2.55772833,1.82718482,1.64479618,2.25331395,2.23435113,2.55548066,2.48562626,2.49474414,2.45185233,2.42258826,2.55389129,2.57387032,2.57476366,2.37198724,2.59917965,2.45148895,2.28997813,2.26228889,2.47859808,2.53811340,2.50813493,2.50306102,2.56733637,2.50711496,2.56988323,2.54489558,2.54894892,2.52763328,2.54498790,2.46414131,2.30948330,2.38701348,2.34062557,2.11351824,2.19567762,2.52479151,2.46654951,2.18274683,2.35882487,2.42320873,2.46116953,2.53342762,2.57460773,2.57776677,2.54352621,2.55558467,2.48583222,2.44872872,2.42264183,2.46419426
2.36843012,2.26130662,2.12770890,2.16627291,2.24685370,2.32685570,2.47563931,2.46573463,2.46516410,2.20495102,2.29151834,2.10462743,2.37212215,2.39691400,2.43789813,2.44732083,2.39587826,2.33153857,2.38456160,2.39490884,2.28989140,2.34198469,2.38645074,2.38574876,2.37036529,2.39852993,2.42571356,2.46311301,2.36491230,2.38561906,2.42170380,2.28825238,2.23382193,2.37067734,2.24773599,2.18230037,2.18656925,2.41013100,2.35103643,2.42293543,2.28871634,2.34716517,2.27183622,2.17797398,2.32710496,2.30854814,2.35313673,2.43370561,2.23937719,2.09179727,2.26807581,2.33326216,2.31926547,2.29888140,2.35911772,2.30223343,2.30466343,2.39734074,2.28384764,2.28877047
2.33669357,2.31606478,2.28001189,2.24753493,2.21878999,2.45466477,2.48427811,2.54804483,2.50157322,2.16842714,2.35507627,2.25247409,2.31507288,2.50415719,2.54046973,2.50292394,2.36080748,2.46419610,2.48386783,2.53864573,2.51163371,2.39393588,2.35282700,2.48630184,2.45541892,2.14749771,2.09566086,2.06494123,2.48170290,2.49153071,2.47543061,2.52619073,2.52786699,2.49067017,2.44636613,2.49059844,2.45124783,2.50165273,2.46020681,2.51451501,2.45410501,2.51154448,2.46557049,2.44688212,2.48119219,2.37435165,2.46613106,2.41880518,2.44348486,2.38820207,2.38784122,2.44491660,2.40404890,2.46483444,2.42971364,2.42487340,2.35301297,2.36599033,2.26121845,2.44832115
2.42374130,2.38590681,2.38036023,2.42925207,2.40579358,2.34695525,2.44153589,2.46759066,2.41469123,2.33930229,2.41150921,2.36472741,2.43788108,2.38026876,2.44989880,2.41479864,2.39511772,2.40118110,2.38988250,2.46234271,2.30225604,2.22693341,2.33048378,2.36980101,2.42495695,2.42084640,2.46275226,2.35501851,2.41677579,2.41544081,2.30867409,2.40924889,2.35064034,2.25891404,2.37649289,2.22792111,2.15368234,2.20642587,2.32882884,2.31426386,2.36047780,2.37430863,2.31673001,2.37271331,2.39071546,2.37161057,2.27561527,2.39024830,2.39053624,2.35925989,2.32928861,2.31367655,2.31458368,2.31699446,2.36614984,2.27623913,2.41269866,2.37660723,2.33313036,2.37024572
2.39212845,2.47350953,2.52014236,2.47998795,2.42996077,2.55005421,2.55231429,2.55356916,2.51242800,2.43443632,2.48095209,2.48100278,2.54346205,2.50387041,2.56189188,2.53736829,2.49339454,2.43992340,2.46787470,2.51474980,2.43633571,2.45390055,2.35891615,2.39920197,2.46907273,2.50156526,2.58248307,2.57552505,2.45214226,2.56575790,2.50339881,2.55090115,2.53835297,2.45087607,2.36233645,2.38424702,2.42967494,2.51663104,2.48685118,2.51350526,2.38720630,2.51523992,2.47529116,2.52984032,2.53213779,2.42933768,2.48874249,2.45817799,2.53176423,2.39084764,2.29932398,2.23149422,2.58059270,2.46703767,2.20297507,2.33640577,2.43951502,2.46479008,2.52503279,2.47847430
2.41582695,2.31967542,2.24290676,2.45215589,2.55843552,2.54224732,2.45351416,2.26519144,2.02862757,2.23659677,2.48644635,2.46656930,2.41288271,2.43912249,2.06524449,1.96517476,2.47652811,2.42819880,2.33769429,2.24821416,2.26880168,2.32821474,2.29765265,2.42269626,2.41127004,2.36159885,2.33798859,2.35939656,2.45416714,2.41862932,2.44317382,2.37778318,2.42846021,2.42037404,2.41382224,2.49945974,2.44797185,2.39057930,2.01741955,2.34805072,2.40931721,2.25238544,2.42630983,2.35509030,1.93990760,2.02051891,2.36402739,1.92284690,2.13003308,1.95475450,2.02126147,2.10582617,2.24672288,2.20670794,1.90979760,2.02783892,1.92218185,2.20727635,2.16897392,2.27668146
2.37321420,2.32569298,2.39365444,2.47937996,2.56124244,2.56047082,2.52229178,2.02195354,2.08727134,2.34352100,2.44205076,2.49561411,2.53931204,2.47002593,2.37513819,2.37086834,2.48371149,2.50075135,2.37108631,2.27103969,2.12883308,2.15208354,2.44024325,2.51707491,2.54320069,2.46087361,2.32347332,2.38776382,2.34397343,2.32480166,2.49902845,2.53322181,2.43946131,2.35856460,2.29855270,2.45186925,2.45740440,2.33393865,2.29779320,2.37299507,2.19451546,2.21060152,2.39149313,2.37798632,2.25289784,2.13754367,2.42405853,2.11937760,2.28038848,2.05776181,2.07098759,2.15917927,2.29795155,2.04920066,2.10751545,2.28928621,2.31083679,2.37776676,2.34424634,2.34297727
2.53551409,2.55672111,2.40920735,2.59495300,2.61392059,2.61147946,2.60743567,2.48402942,2.29866292,2.34313844,2.33331148,2.62456488,2.62949225,2.52255400,2.45970785,2.51059004,2.57891153,2.58099369,2.54545952,2.51582503,2.29961359,2.45460021,2.36417935,2.42224432,2.43506052,2.45945741,2.49962499,2.39816059,2.55333697,2.53149160,2.47943835,2.29822796,2.25753655,2.19952611,2.19206959,2.22188764,2.38997647,2.47432079,2.18552862,1.61812627,1.48266518,2.15956250,2.06710293,1.73670461,1.93257768,1.95354364,1.82426425,2.36017861,2.50979449,2.50527524,2.48225609,2.25923402,2.50994752,2.59459358,2.51946147,2.51840098,2.50545534,2.52078743,2.35431880,2.30987323
2.17299675,2.10186823,2.21263039,2.40540690,2.46753174,2.48522552,2.32633012,2.25891288,2.35834811,2.38080175,2.25237288,2.36702320,2.49666733,2.42323283,2.50944815,2.45778173,2.46020726,2.52204329,2.43177412,2.26039076,2.39248895,2.40489940,2.31590688,2.48697530,2.34580907,2.24327763,2.24952417,2.25251878,2.44331934,2.47404182,2.46809176,2.40631319,2.37514274,2.17529834,2.29829665,2.24330961,2.39566921,2.34042697,1.90975690,1.96642208,2.32131457,2.38972795,2.43988968,1.82723887,1.73805403,2.06424763,2.34193134,2.30774455,2.35599072,2.18393937,2.19831171,2.31648545,2.21105810,2.45602152,2.34857851,2.32257819,2.26620293,2.38517612,2.20146635,2.41925796
2.65605865,2.43744360,2.45338505,2.33838659,2.33319991,2.48611245,2.36931174,2.34971024,2.34698477,2.32485235,2.34316860,2.69377339,2.66381306,2.59808630,2.51469799,2.58208374,2.48704872,2.40175503,2.63693187,2.65439017,2.60432147,2.56249014,2.49424303,2.67009326,2.68189951,2.64012546,2.49749857,2.62622759,2.65296320,2.51576863,2.58170757,2.57075720,2.49166854,2.60013021,2.42530672,2.46602625,2.49094288,2.57130078,2.56151705,2.56166775,2.51389860,2.53243761,2.53040417,2.64604480,2.58471281,2.43139952,2.56285992,2.58495240,2.54580480,2.54764352,2.49911992,2.62074900,2.62830366,2.62929610,2.56878271,2.51289000,2.58320336,2.53645844,2.46661445,2.59810568
2.36103409,2.24871516,2.11122693,2.06213827,2.22682495,2.25300958,2.18235577,2.06179503,2.05718089,2.04416256,2.32297488,2.39682067,2.39466287,2.36652303,2.27590952,2.19707669,2.24677132,2.35181521,2.34830629,2.30734345,2.31066188,2.21225639,2.22598373,2.29802778,2.29048201,2.23092449,2.21761128,2.13424599,2.07617665,2.15818434,2.33525403,2.34621044,2.31203125,1.63423735,1.58090712,1.91681886,2.32862923,2.18295381,2.07488158,2.35633130,2.06718879,2.22814431,2.25627026,2.30985404,2.21196070,2.24639504,2.28433638,2.22169001,2.26953511,2.23133320,2.19625511,2.25711371,2.18023754,2.29756956,2.16870503,2.27472444,2.30952158,2.19598595,2.14314367,2.20204119
2.44426963,2.26277779,1.84289662,1.91115727,2.01955838,2.23722694,2.35037107,2.21596763,2.18335732,2.03919493,2.21453321,2.29564627,2.32697030,2.19339875,1.89544011,1.81387355,2.18058287,2.23916860,2.21837641,2.28885147,2.35181489,2.30926817,2.27155603,2.31725837,2.34623012,2.29380572,2.30229145,2.39845782,2.42071302,2.29621086,2.14407895,2.34137620,2.32024252,2.39532411,2.29034616,2.38173662,2.33753578,2.30124218,2.15143554,2.35362665,2.39422092,2.38903661,2.20759577,2.32094068,2.35996198,2.41305755,2.35224202,2.34230837,2.29353557,2.25251319,2.33852153,2.33955546,2.34055995,2.37927071,2.30503784,2.41857496,2.35632775,2.39811053,2.32247966,2.37511058
2.47144823,2.50096978,2.40982472,2.26121805,2.35001646,2.39591853,2.53872318,2.48697125,2.37430928,2.34015413,2.34620106,2.50041856,2.44140831,2.48420244,2.40450552,2.43346701,2.32042844,2.40019047,2.43909675,2.47991933,2.61370437,2.58999337,2.57006798,2.20975624,2.49168904,2.49243825,2.46708591,2.48556451,2.28711024,2.12076958,2.16559573,2.35851717,2.59800255,2.56061348,2.50635642,2.42674169,2.38510829,2.45152087,2.41398141,2.28720931,2.34374891,2.28511873,2.16123205,2.35264937,2.07543368,2.53950710,2.43859180,2.19733143,2.36492008,2.45560685,2.21971127,2.38324935,2.48105236,2.51201866,2.29505575,2.45930382,2.47679932,2.51413012,2.43863509,2.21111845
2.45818940,2.41591355,2.32784697,2.11367772,2.19706756,2.29398457,2.31826198,2.35526621,2.32162730,2.52481228,2.50771316,2.37843852,2.29183490,2.43807141,2.47151113,2.44837678,2.52353410,2.52440434,2.41772946,2.49870054,2.50660657,2.50878378,2.48030872,2.39837171,2.33914526,2.35858962,2.36342566,2.27588840,2.30116406,2.50326769,2.36908472,2.36288475,2.48072901,2.47165514,2.51399153,2.49500916,2.43453360,2.43835687,2.39568843,2.26670146,2.28888242,2.46368316,2.28478713,2.28237907,2.43292102,2.41882544,2.29558386,2.35843178,2.06512939,1.77760979,1.83784710,2.38103470,2.32204146,2.28738185,2.25827769,2.41022388,2.39814151,2.17391305,2.22671073,2.46203436
2.43063874,2.36306231,2.39041123,2.32928508,2.46959240,2.44807193,2.43124393,2.40698937,2.44551848,2.56070769,2.55543847,2.46953663,2.30747862,2.45539196,2.44923967,2.43794756,2.49804264,2.51737739,2.42662810,2.46872447,2.32393226,2.42853799,2.35089944,2.36837362,2.35671166,2.52639122,2.53322715,2.50495969,2.39841108,2.37745537,2.47456005,2.48379442,2.50073485,2.44816313,2.29018793,2.29367818,2.42126459,2.37137847,2.41823540,2.48696633,2.36419374,2.32583011,2.31727543,2.27121242,2.29609297,2.36912320,2.46785835,2.37088172,2.00615357,2.04676811,2.29851911,2.16311324,2.18723647,2.37096153,2.31327441,2.32420962,2.17114960,2.23615532,2.21756394,2.38857932
2.24121748,2.40114338,2.37978358,2.48246794,2.52047128,2.46418103,2.34412687,2.23737213,2.44349621,2.55395573,2.54920801,2.50111093,2.36810687,2.41299107,2.39901336,2.36996752,2.54086232,2.47034460,2.38629417,2.29659236,2.29357956,2.50357348,2.48111748,2.49872105,2.29569338,2.40274075,2.47984888,2.44792737,2.33740780,2.40772432,2.43092053,2.16313478,2.12991849,2.32594015,2.40023686,2.24336579,2.40413103,2.50359756,2.51309769,2.50525351,2.35365034,2.47445673,2.41312884,2.27845688,2.34819789,2.44530132,2.33704037,2.44075209,2.38135049,2.40244523,2.39451220,2.37000175,2.30361805,2.46965033,2.52397143,2.45831285,2.50668121,2.23544881,2.06958332,2.24543411
2.29829247,2.14677948,2.40916389,2.45078928,2.53716394,2.38899346,2.46719640,2.42216845,2.43513020,2.54004433,2.47821870,2.50635881,2.42072007,2.36212654,2.50873011,2.33778235,2.52571662,2.50556018,2.40654345,2.42638736,2.36655090,2.48054254,2.46726370,2.42223339,2.32818409,2.47475909,2.45103688,2.50094145,2.46572320,2.48678980,2.41998342,2.19174600,2.44719368,2.47288866,2.49127850,2.38374556,2.44591522,2.45294400,2.53474127,2.52727558,2.44039365,2.45589748,2.34168205,2.33439619,2.39262734,2.47608908,2.49046290,2.35445800,2.38435668,2.48512692,2.24414570,2.33374041,2.41078966,2.50607817,2.47276882,2.46378558,2.45920040,2.38833636,2.31646682,2.41099407
2.50678992,2.38850603,2.42353035,2.46622878,2.40680491,2.31262613,2.44547233,2.46854110,2.45739819,2.51236536,2.48945234,2.49534138,2.42461858,2.24575014,2.29745951,2.39882370,2.49141382,2.45600565,2.49503653,2.43628107,2.41148089,2.53164641,2.50181059,2.43776855,2.35734233,2.43626609,2.49653394,2.46509524,2.53086808,2.50713596,2.46821019,2.55246418,2.47264975,2.52086625,2.34654072,2.41330415,2.43879910,2.41889841,2.49153392,2.49575646,2.44751906,2.49898782,2.49334251,2.34574526,2.30857336,2.50890185,2.43683597,2.39940768,2.30146001,2.35570936,2.33915555,2.24379397,2.50403014,2.51005468,2.45529124,2.40265345,2.29596007,2.44088992,2.42176122,2.25646073
2.47839693,2.43271945,2.31430708,2.46189488,2.35499732,2.46892864,2.43947549,2.26190310,2.45886810,2.58732960,2.57271419,2.42793174,2.43982610,2.45036526,2.52602568,2.51326693,2.51845625,2.63019847,2.55264723,2.51363267,2.38604333,2.43634534,2.52266106,2.55829575,2.52027020,2.40348688,2.46287514,2.44699604,2.49411036,2.58540438,2.55524850,2.62899468,2.63047435,2.42829883,2.50416110,2.43632614,2.46609757,2.54910196,2.57429165,2.57822619,2.43041121,2.54317224,2.43693286,2.55010948,2.52553679,2.41339992,2.40798590,2.19463186,2.44614581,2.54006670,2.46340748,2.42072844,2.37031979,2.46314758,2.44108626,2.50444262,2.52250006,2.48039674,2.44498937,2.29858434
2.38999743,2.34144656,2.43934750,2.24593048,2.13547673,1.94286734,1.91129585,1.99945686,2.41871349,2.47992329,2.47670951,2.46315833,2.29348668,2.26546735,2.41176887,2.38643601,2.40377510,2.42885008,2.39278453,2.35960190,2.36805213,2.37923283,2.42665305,2.46383256,2.20981501,2.43446029,2.39067286,2.40673902,2.36634533,2.43301004,2.45847330,2.17256840,1.95818635,2.29292244,2.32762065,2.32316773,2.15737261,2.14714580,2.40127715,2.35196517,2.12487576,2.34887368,2.28948932,2.00942169,2.36196035,2.30898093,2.41931638,2.37416698,2.38386249,2.39664174,2.33094793,2.33397793,2.27986385,2.11916384,2.25423154,2.22225191,2.38761301,2.31302386,2.26728652,2.04981775
2.42089887,2.36364880,2.35574743,2.17275743,2.22719421,2.36493501,2.47092215,2.44667975,2.55054678,2.60306022,2.51906474,2.47304402,2.41715949,2.39771951,2.42041428,2.51693791,2.52807693,2.59143171,2.60617994,2.40216211,2.30255330,2.48720927,2.52800620,2.57022382,2.35861481,2.52085315,2.51751074,2.38890649,2.54865947,2.62621448,2.63574681,2.56518726,2.25109696,2.30638021,2.55351980,2.47819711,2.09617742,2.30169001,2.39829679,2.28625838,2.57670182,2.60422929,2.60479458,2.23778814,2.32161480,2.57255837,2.53344402,2.50411476,2.53161161,2.56487909,2.46220977,2.39540067,2.41994207,2.50150657,2.50681591,2.44874240,2.48416573,2.52738521,2.40276839,2.56984068
2.45590011,2.44561171,2.45875866,2.49639501,2.56103838,2.55673436,2.48792809,2.20755397,2.33724246,2.34239055,2.37308424,2.48418566,2.49869756,2.50816000,2.24830913,2.39136950,2.55095412,2.50158529,2.48627601,2.43969853,2.41194028,2.48714348,2.40496970,2.44185297,2.48304003,2.43511568,2.27213198,2.38565691,2.50376076,2.49694512,2.50814610,2.46657598,2.47438036,2.52692698,2.46690457,2.54259941,2.53910062,2.51275822,2.49008720,2.19398851,2.41632815,2.46692809,2.51067843,2.46787590,2.35550617,2.45158793,2.52585333,2.26605782,2.40229174,2.49144965,2.21321053,2.30391294,2.44228375,2.41251009,2.27183049,2.24483577,2.29479263,2.38758842,2.35617930,2.26747951
2.52582794,2.44535849,2.42816661,2.56324284,2.63360532,2.63515189,2.53122997,2.40240040,2.25599342,2.43820573,2.55413604,2.62473665,2.59014717,2.59607600,2.55366642,2.49979022,2.52819096,2.46020044,2.41378742,2.39844518,2.54685442,2.54790062,2.33165542,2.34201426,2.44043625,2.45090391,2.44659102,2.23536483,2.59729686,2.60603264,2.63022768,2.59156507,2.54293246,2.52123580,2.48098840,2.55049218,2.57100197,2.51944365,2.15786306,2.19895459,2.47520088,2.52704954,2.57593962,2.47618036,2.52967864,2.45184507,2.06322984,2.03443190,2.20495633,2.27070006,2.08317877,2.01133817,2.35456270,2.38796441,2.14137524,2.16533431,2.13232110,2.16561438,1.95066558,2.28422416
2.08239699,2.38387480,2.36807234,2.44881538,2.48269699,2.47689068,2.39827106,2.42602665,2.36188202,2.36048580,2.31632485,2.47589677,2.48152261,2.43316829,2.25005877,2.29897558,2.41631176,2.39655950,2.27056406,2.30922235,2.20292530,2.31253783,2.23070314,2.32408358,2.44427946,2.37535122,2.16718143,2.27121770,2.41635741,2.38056584,2.41460119,2.13135992,2.14298217,2.42420430,2.39894150,2.34329336,2.33493665,2.08944401,1.84684382,1.80146817,2.21754263,2.32799909,2.35080037,2.33825852,2.29244692,2.25107504,2.23222513,2.27937106,2.21679751,2.10208416,1.92388049,1.87264899,2.35426221,2.29274222,2.08165812,1.84860285,2.25148930,2.32016390,2.16472369,2.04741862
1.88252543,2.39347589,2.44471614,2.52544910,2.46666520,2.48751891,2.41739222,2.29435087,2.36661373,2.32314024,2.45672617,2.49524181,2.52757804,2.43698601,2.40550342,2.39108711,2.39658670,2.51106700,2.48373293,2.36551097,2.34607186,2.37460840,2.36467933,2.26023587,2.21841604,2.11905838,2.38834576,2.28234082,2.41199237,2.52069671,2.53176556,2.32977277,2.22907843,2.30298081,2.22807111,2.42073056,2.46440485,2.48015198,2.39116044,2.23628376,2.45482096,2.52527792,2.53908025,2.32858963,2.38477127,2.46526328,2.45794182,1.96631530,2.12555076,2.33794085,2.39731538,2.43998638,2.48549677,2.35628463,2.04980699,2.07806021,2.48758897,2.44650237,2.34028831,2.28250970
2.62477619,2.40971293,2.43974014,2.32086710,2.12058420,2.10110798,2.21600583,2.35506192,2.41336105,2.50172167,2.47821102,2.60496874,2.58492696,2.51407280,2.38790242,2.50116285,2.41649873,2.21175663,2.58175915,2.59941487,2.55502101,2.56022466,2.48592112,2.43919422,2.48417046,2.40688610,2.37913252,2.54527636,2.57332147,2.53085008,2.52912147,2.49232495,2.46687233,2.53254331,2.41108282,2.44265207,2.47553614,2.47732740,2.51061820,2.36546609,2.43689113,2.57712391,2.50827520,2.48483705,2.36475949,2.18068065,2.08530598,2.16663368,2.44566818,2.47075187,2.42774265,2.29399210,2.41146125,2.29539337,2.28344351,2.53114477,2.47180174,2.35262336,2.36868388,2.44305674
2.52770771,2.52436282,2.39168890,2.47611520,2.47030526,2.62300091,2.54383068,2.31419526,2.38923808,2.32545458,2.48533604,2.62943040,2.62476513,2.54733629,2.54881871,2.39682182,2.34301229,2.37501529,2.53013030,2.47491835,2.51565870,2.50674874,2.45331236,2.51575617,2.45342436,2.48126817,2.36260991,2.36213471,2.36622332,2.50430592,2.49611315,2.50822669,2.51588671,2.42334092,2.36126357,2.41869577,2.38509725,2.46168163,2.36838754,2.37511614,2.40750954,2.46133222,2.45719973,2.43949153,2.51606926,2.42812128,2.47556332,2.52880363,2.50445224,2.48236055,2.49376550,2.46157684,2.45405161,2.50498449,2.51156624,2.43652833,2.54169352,2.45261916,2.36641352,2.48928384
2.47605773,2.41319294,2.38131437,2.30995751,2.31715284,2.43997103,2.35819447,2.32419365,2.15929557,2.08499140,2.35417003,2.47825257,2.47411473,2.46867557,2.30831989,2.28926740,2.28058964,2.32093674,2.28170216,2.31317633,2.31314509,2.34574890,2.33398610,2.34559168,2.43896825,2.44500504,2.24752633,2.35032827,2.32304659,2.28739025,2.08959015,2.30069190,2.41414556,2.35616048,2.36337849,2.24926003,2.40887332,2.34121315,2.11889854,2.30001520,2.33217021,2.31799200,2.24251264,2.29186758,2.30036673,2.37903566,2.43524213,2.22812499,2.27098470,2.30591688,2.02609999,2.32776640,2.37837787,2.38455032,2.33446067,2.32623152,2.37134089,2.37999842,2.31968790,2.28049516
2.58988384,2.50610474,2.39233329,2.51607803,2.53370239,2.46302762,2.29908226,2.36390420,2.49499895,2.42859612,2.51536752,2.54550675,2.51654802,2.49056408,2.48579216,2.50656617,2.46149059,2.47369840,2.52720498,2.51238455,2.53719144,2.57653138,2.41234007,2.39834040,2.34853049,2.17470191,2.56542390,2.40233082,2.39785986,2.41744947,2.29835816,2.44803485,2.44935860,2.51101183,2.54692584,2.41347500,2.14303748,2.27588535,2.38010212,2.33436214,2.44261879,2.42961135,2.49643807,2.28790131,2.31434582,2.39644706,2.29248892,2.04155074,2.31949984,2.39676645,1.98957499,2.22132604,2.43749700,2.20078350,2.15545670,2.17054585,2.13096229,2.26232264,2.11108814,2.26227488
2.53907783,2.51924256,2.43283254,2.55150463,2.58438091,2.55717123,2.45528436,2.47687974,2.49419928,2.56813697,2.61343227,2.49209190,2.51001091,2.48846915,2.43767024,2.49552714,2.59418911,2.57755241,2.54518478,2.59970198,2.55850144,2.58673937,2.56573498,2.38621679,2.29887502,2.52110178,2.50959915,2.43746392,2.61308429,2.61444732,2.56914016,2.54335708,2.56683619,2.57414386,2.57292218,2.50991555,2.40614047,2.50784203,2.54534007,2.46956847,2.40405122,2.40026052,2.46741579,2.48584296,2.49463266,2.56672254,2.56634706,2.40913569,2.45479511,2.54509221,2.50011150,2.38776488,2.55303398,2.59039828,2.44634378,2.44074701,2.41692936,2.49051492,2.59977814,2.46965134
2.39282638,2.33261550,2.35437066,2.53727988,2.53832893,2.53406156,2.48478982,2.42925680,2.46694210,2.52161376,2.55605999,2.51400212,2.39764940,2.31794283,2.43740518,2.39739924,2.48917015,2.53335690,2.52134057,2.50181046,2.47835745,2.40170097,2.22136532,2.16679890,2.33522594,2.39738222,2.40207494,2.25302729,2.30363147,2.28334328,2.50708192,2.47578026,2.39269171,2.45056975,2.45454385,2.39872321,2.24241428,2.39720964,2.45569708,2.40729152,2.40331240,2.35287106,2.47111155,2.45963877,2.41681059,2.33043376,2.33308162,2.37619183,2.35698603,2.40459337,2.50154012,2.38835152,2.30846720,2.44424884,2.43191770,2.50684796,2.36618247,2.36138587,2.37454458,2.38434755
2.34961325,2.36221629,2.36774995,2.21468589,2.15548725,2.31839269,2.36159808,2.40015660,2.46356361,2.48103703,2.47859208,2.45691250,2.42851428,2.29238592,2.35825170,2.19775558,2.41158340,2.47585860,2.41795356,2.23562948,2.30133287,2.32776447,2.37357738,2.31135494,2.22934212,2.32911387,2.40351816,2.41209023,2.42764557,2.46133108,2.31261987,2.03490201,2.02592083,2.21643129,2.16705110,2.32488990,2.46276267,2.41680178,2.24428551,2.19672524,2.22649331,2.25049314,2.12419211,2.23440288,2.23689390,2.38917994,2.40337910,2.25088771,2.32071555,2.32690850,2.20319633,2.29735415,2.39682918,2.39039248,2.35173738,2.26411644,2.27320531,2.36917550,2.34395601,2.23755591
2.38089152,2.50180131,2.40432701,2.41666095,2.58397323,2.49283614,2.47492875,2.53290873,2.60762231,2.66913612,2.69497953,2.64196728,2.29589370,2.49487852,2.59053583,2.61409712,2.61279313,2.58402273,2.57383763,2.50664794,2.55072522,2.62638024,2.54079214,2.63333028,2.58913027,2.61015303,2.59940140,2.57593172,2.60241665,2.59222611,2.54653476,2.28970887,2.56164090,2.33396474,2.30969990,2.33751239,2.57950063,2.59100331,2.37309352,2.56700414,2.52518476,2.55436321,2.58529765,2.61119681,2.61604663,2.51605772,2.56462816,2.48250053,2.49962552,2.49747217,2.47239332,2.55070299,2.52615103,2.56162717,2.51317857,2.38025919,2.37638600,2.59320395,2.60528172,2.59368263
2.35326604,2.37953255,2.34195976,2.40523428,2.37637270,2.38462129,2.28443467,2.13034973,2.35398164,2.45131332,2.46607829,2.47449670,2.37536285,2.39011717,2.28098142,2.35593305,2.44916239,2.47311424,2.43325854,2.20589451,2.21305921,2.39805177,2.39673958,2.35768764,2.34738946,2.34791048,2.36867312,2.39967330,2.30536138,2.27767184,2.33995799,2.44341419,2.33246885,2.33126885,2.23444333,2.23401248,2.45073149,2.39667685,2.39455249,2.30980569,2.29239613,2.30769482,2.36319323,2.42214691,2.36258588,2.35469635,2.33608994,2.37174549,2.25173836,2.32997141,2.34127879,2.36786774,2.41253990,2.30861006,2.31603300,2.36998174,2.36623638,2.39072257,2.36853199,2.22509174
2.46289686,2.39187142,2.40428487,2.48489491,2.37860883,2.53544320,2.51757663,2.21450936,2.28104288,2.45291799,2.51835483,2.45619731,2.29129928,2.42204627,2.46289601,2.48888396,2.39997748,2.44486351,2.47380344,2.16256448,2.20964140,2.50370266,2.50652487,2.46800214,2.30817705,2.42871060,2.42747136,2.47161003,2.44609468,2.46075596,2.28447655,2.55319192,2.54380419,2.37557761,2.29181676,2.28855919,2.20662414,2.38461549,2.47646343,2.40343299,2.37419309,2.45715838,2.33467154,2.53468936,2.45111005,2.47989723,2.51655071,2.40550090,2.28098633,2.28245930,2.53245394,2.52228581,2.45971825,2.44662112,2.48210460,2.45543198,2.24762394,2.41603736,2.41967402,2.44722858
2.31177985,2.36563963,2.46396435,2.39886132,2.36993862,2.28007124,2.22754708,2.40730605,2.32902160,2.43044335,2.46550415,2.39647149,2.33123021,2.34660499,2.33836023,2.43487869,2.28862553,2.21943103,2.27097537,2.27284693,2.29525760,2.39606344,2.33788804,2.30096250,2.25361541,2.28748187,2.34503273,2.29484729,2.31770633,2.42169822,2.34799782,2.32359302,2.17748743,2.33898289,2.31397128,2.23043396,2.08791683,2.09743908,2.31454907,1.86850715,1.90700056,2.07597618,2.04096805,2.25662396,2.26430628,2.44046210,2.33767720,2.15925538,2.23305431,2.27898551,2.37255330,2.26887905,2.02467869,2.06950518,2.26143343,2.30366706,2.32729719,2.18319013,2.39396586,2.32631438
2.50236960,2.48307022,2.46296924,2.49063297,2.56702548,2.44713301,2.47751278,2.55011404,2.57566975,2.38603343,2.48771780,2.44694025,2.43290935,2.54734334,2.55088781,2.48651041,2.31233460,2.34339901,2.40554238,2.43466249,2.47963605,2.42247706,2.26276479,2.42736327,2.49863768,2.43260920,2.47924102,2.42087958,2.60758761,2.60679820,2.57009290,2.23596740,2.45399239,2.52664561,2.40213425,2.35171940,2.42058963,2.32245986,2.33776159,2.31275952,2.59563570,2.52775382,2.55004922,1.97877957,1.85171405,1.78914634,1.96681033,2.26292437,2.54386417,2.42063861,1.93244373,1.86955206,1.95724978,2.34562070,2.41837765,2.40398903,2.31132548,2.45924095,2.54937580,2.33254335
2.52146571,2.62015180,2.61919475,2.56863823,2.30207183,2.55997839,2.49149025,2.39429739,2.60998532,2.59772383,2.38218313,2.04647320,1.91043085,2.57446221,2.54128685,2.47059222,2.41605989,2.49282679,2.51722185,2.45317375,2.55226694,2.57519184,2.54492231,2.39643400,2.36351160,2.47064040,2.34325434,2.42639705,2.58521501,2.53107296,2.55474500,2.43923962,2.43216258,2.47858431,2.50047200,2.44844729,2.41779992,2.22127937,2.27228803,2.25220246,2.26528037,2.44723650,2.36860917,2.21291198,2.46498148,2.32533031,2.06604990,2.30573451,2.30106744,2.34337366,2.34114485,2.49305140,2.33602766,2.19617469,2.52445939,1.90472983,2.15988333,2.42155066,2.39343688,2.02942733
2.37563392,2.45098944,2.46314529,2.41326313,2.14917023,2.33700365,2.27313739,2.21473021,2.40716552,2.30858991,2.36268773,2.29157685,2.27480288,2.34185051,2.45440589,2.44222104,2.29430620,2.39130381,2.22566380,2.28139346,2.44280898,2.40442533,2.42712424,1.98044139,2.26020024,2.29811218,2.14226353,2.19092170,2.32569226,2.40272380,2.35129961,2.21134864,2.04317645,1.77818134,1.94083376,2.33986693,1.99206134,1.97818224,2.04916222,1.99150794,1.94967551,2.02117951,1.81200872,2.09388785,2.34214606,2.21208149,2.28719141,1.72501262,2.06574844,2.17929380,2.20401645,2.00415033,2.09152520,2.19620526,2.25968435,2.31853686,2.27626523,1.98266275,1.86790901,2.26681906
2.57214312,2.62421805,2.63351082,2.61926013,2.43086762,2.38256990,2.42721461,2.57565445,2.62358077,2.60470434,2.52580084,2.19631037,2.16980799,2.56161663,2.54984229,2.47310308,2.37880505,2.41810208,2.34327178,2.39917987,2.60201593,2.57536556,2.42908340,2.13796902,2.37072548,2.49754669,2.49362665,2.49354757,2.51656455,2.56560485,2.47139831,2.20750298,2.38862869,2.37548973,2.33020832,2.16831927,2.03235207,2.40842744,2.56498736,2.44748955,2.31036200,2.56086532,2.41475974,2.29300136,2.48348066,2.46115159,2.18099134,2.45450371,2.36666935,2.45644252,2.51804073,2.45528424,2.47992271,2.51654120,2.52647947,2.49438264,2.37857757,2.43701248,2.35657054,2.19853674
2.59963724,2.57918921,2.47519891,2.51700074,2.33999977,2.52448522,2.53466068,2.45653906,2.46625450,2.54066385,2.54313804,2.54217270,2.50775211,2.56278091,2.57693817,2.51843256,2.53776210,2.25719473,2.26238988,2.40371451,2.51156286,2.55305884,2.57220597,2.41138291,2.44173496,2.49787772,2.48950878,2.45814867,2.35626691,2.34520685,2.35571869,2.34519131,2.44422995,2.41490647,2.46421785,2.24649482,2.28917243,2.43990758,2.45019511,2.37754611,2.37814169,2.32046763,2.35840548,2.47853164,2.46487147,2.47053429,2.41077090,2.47717394,2.33704408,2.27212868,2.31119635,2.49562253,2.06356841,1.89354885,2.10446360,2.39832050,2.27417448,2.16583049,2.05401044,2.19486366
2.49647264,2.48297320,2.44974614,2.51328183,2.37091802,2.40686580,2.32966140,2.39054637,2.49897466,2.54812443,2.49420270,2.35650552,2.40849594,2.39870034,2.40186584,2.43413745,2.46403781,2.42807481,2.50175993,2.43286713,2.47432988,2.48873424,2.44310599,2.42890964,2.23867749,2.48808019,2.48746007,2.45073488,2.47646846,2.52898520,2.47134755,2.30978082,2.31790478,2.49039032,2.38049871,2.33952554,2.32453316,2.42264580,2.38458444,2.30562570,2.39421813,2.35310687,2.18773408,2.14713578,2.46784648,2.50513923,2.50834680,2.38565864,2.42215199,2.46577078,2.53820218,2.51722337,2.40121759,2.41703752,2.28288139,2.37749870,2.43371338,2.34343622,2.30433366,2.44685855
2.37135345,2.28456952,2.46336475,2.42595154,2.23093538,2.39499328,2.31328202,2.34231498,2.38216270,2.31492066,2.38329533,2.30894382,2.41604163,2.32530406,2.32555847,2.24764952,2.43822986,2.25666557,1.98818007,2.29924050,2.44210994,2.45411736,2.45246930,2.24354772,2.35470665,2.35152130,2.30137416,2.23097141,2.41306763,2.11167303,2.35473593,2.18239656,2.27922205,2.28347532,2.17890183,2.14114521,2.23984637,2.36405780,2.34839333,2.39283620,2.24005007,1.84709150,2.17732533,2.16854642,2.44422481,2.43127176,2.40416116,1.73460307,2.24348885,2.41580868,2.39435756,2.36296131,2.18285139,2.02782153,2.17140784,1.96318233,2.37417672,1.88911567,2.18922103,2.30494180
2.11481832,2.30029938,2.47625268,2.45794393,2.29880152,2.39250721,2.49389386,2.55885245,2.54685379,2.53128997,2.49369249,2.17549180,2.28464603,2.45462380,2.49160262,2.45093743,2.30452153,2.37350891,2.38725434,2.25733174,2.52004198,2.52542537,2.32633863,2.27848999,2.32717236,2.44406138,2.51452096,2.49989326,2.42520932,2.51368887,2.45497062,2.27515373,2.41629337,2.38615119,2.33576387,2.04115320,2.10671316,2.40435482,2.40522208,2.41152241,2.44536672,2.45265084,2.37713959,2.32816347,1.88750947,2.04341399,2.35222261,2.42216163,2.45950498,2.48312591,2.45719402,2.45163137,2.49697417,2.31126720,2.47159223,2.39408484,2.37221710,2.46601629,2.41008775,2.50171833
2.62816752,2.58952494,2.65395301,2.55540138,2.45830509,2.54656295,2.36043913,2.46195243,2.46428709,2.37340903,2.30882596,2.48857892,2.57489530,2.48532846,2.51211635,2.41588778,2.44313598,2.55608786,2.35031314,2.46134243,2.32559900,2.42015156,2.36160541,2.50060291,2.51534559,2.35568070,2.25397627,2.05413330,2.41651109,2.20358358,2.35060226,2.37356683,2.51523408,2.44705432,2.39810291,2.37945660,2.31467812,2.07424450,2.21433218,2.30612314,2.50836845,2.45918308,2.49760851,2.14512243,2.37386959,2.11863382,2.06614104,2.38969312,2.38178193,2.27554633,2.45324744,2.55942273,2.48185902,2.44883084,2.38472694,2.25034747,2.41218211,2.41065850,2.42818238,2.52487343
2.40642836,2.34738424,2.13705357,2.11265564,2.26249076,2.37613125,2.33811369,2.15930590,2.23531507,2.44697327,2.43957795,2.28443089,2.10008717,2.21977604,2.30993745,2.30544485,2.42456822,2.40150439,2.39415170,2.33005578,2.35670942,2.44860615,2.42161707,2.40838724,2.30688192,2.39798534,2.34150846,2.29310877,2.40065367,2.29952238,2.17081115,2.40841908,2.12846427,2.00385582,2.33258114,2.23237179,2.14240607,2.27503084,2.31594610,2.38168818,2.25136863,2.06559483,1.92279911,2.26466583,2.12162218,2.12681754,2.37988426,2.32764724,1.92787069,1.89854175,2.19178531,2.40627067,2.35756866,2.14479339,2.02318326,2.28903417,2.25848548,2.07537237,1.89034094,2.17541947
2.39064582,2.40443017,2.34924786,2.43342871,2.40127687,2.44679421,2.34439431,2.23847958,2.29547141,2.55549048,2.46479603,2.51283271,2.14023262,2.42673547,2.38442225,2.23493536,2.55271175,2.54227883,2.51457962,2.27299694,2.26018249,2.50587072,2.51303726,2.43495605,2.18059167,2.50268615,2.51639295,2.44345708,2.21100071,2.43472793,2.27804865,2.34708249,2.31427491,2.21569206,2.02802537,2.15010705,2.35478883,2.41519831,2.34840220,2.51130604,2.25313033,2.14523600,2.04174509,2.22454328,2.03935719,2.15766288,2.32546606,2.27564574,2.13305170,2.21473214,2.30893894,2.25956944,2.31935629,2.35136223,2.20643082,2.40605363,2.33490602,2.44906204,2.22269496,2.24526406
2.44750031,2.54891545,2.48547907,2.46722765,2.35360885,2.21628877,2.24811448,2.24194113,2.54004961,2.55324946,2.54541616,2.42789849,1.99541495,2.10809200,2.46835798,2.36793809,2.44569892,2.40755064,2.48100885,2.30431649,2.31092227,2.51362456,2.46980645,2.51091276,2.17024761,2.40467744,2.50658059,2.53333030,2.43612691,2.37519427,2.33433106,2.11688195,2.01326081,2.21356125,2.22329190,2.10338101,2.02285447,2.18519549,2.29712114,2.37547578,2.33370403,2.39468865,2.41831474,2.25934898,2.08903220,2.35120722,2.39561709,2.33964594,2.33381532,2.29997896,2.25892794,2.26524524,2.34041526,2.41328172,2.38394333,2.24292280,2.43844821,2.47833199,2.13962632,2.16809887
2.32102183,2.48594846,2.52176852,2.57489902,2.54905101,2.48993717,2.36249466,2.28748629,2.42825381,2.62260277,2.34133098,2.47784199,2.39225800,2.43201641,2.37670168,2.29635043,2.53734574,2.54758109,2.59149939,2.52973402,2.41723054,2.58743919,2.56564232,2.56418125,2.35794832,2.32109664,2.48984165,2.43832755,2.48402848,2.53124916,2.42925110,2.40131628,2.36504408,2.24224716,1.89926578,2.04427770,2.16502648,2.18187010,2.10632965,2.25872532,2.35120487,2.46548196,2.39791795,2.41837098,2.36165385,2.38110267,2.42156327,2.18418094,2.27703566,2.28813751,2.07713103,2.39395031,2.34787604,2.40614400,2.38241624,2.40903434,2.35312332,2.34246743,2.34870225,2.45652155
2.43635717,2.32239325,2.34300338,2.36065082,2.40410615,2.35476896,2.40033626,2.30315232,2.23497178,2.39796689,2.42364841,2.35008344,2.30361171,2.40101493,2.32012948,2.30768121,2.39841184,2.30551023,2.24555324,2.29463773,2.30674764,2.41484370,2.47273779,2.44092481,2.33522236,2.37249223,2.42866476,2.42281565,2.46700373,2.46238194,2.43755316,2.43005465,2.39045828,2.38644221,2.45132018,2.39904096,2.45924132,2.43389923,2.44254544,2.44924584,2.32165590,2.40860166,2.31537959,2.35083049,2.36531845,2.35914333,2.40363229,2.21279229,2.39894904,2.32643412,2.22985721,2.33752737,2.36252461,2.32830328,2.35266804,2.31420234,2.28572676,2.37534617,2.21175292,2.29343613
2.39096195,2.21695981,2.29905380,2.54273346,2.46757560,2.47284759,2.41658703,2.37756241,2.52990614,2.48683036,2.48620033,2.49164348,2.42633479,2.54265861,2.50926596,2.36023837,2.47244197,2.45208624,2.50324201,2.33068914,2.43542870,2.36131532,2.49100971,2.52030692,2.38921624,2.38309192,2.27811579,2.22457787,2.35288277,2.25210501,2.39039905,2.24639428,2.27161030,2.42858004,2.33182957,2.30824985,2.32533516,2.24559892,2.22940742,2.13053552,2.31305259,2.48240315,2.32930203,2.34089208,2.31511496,2.38588813,2.38173983,2.38490074,2.27934759,2.05331548,2.17489628,2.06743840,2.19705726,2.50769272,2.47069237,2.38840421,2.30110735,2.36564433,2.29968137,2.19656679
2.27684592,2.23544085,2.42224112,2.40066288,2.42268880,2.16565833,2.37234520,2.26279868,2.23755384,2.45807268,2.46544401,2.37338016,2.40256255,2.28036962,2.38522153,2.34855188,2.31471056,2.20493579,2.37042919,2.36157921,2.41639017,2.36836465,2.40529430,2.36654377,2.32708639,2.38622344,2.42494927,2.24602544,2.22449969,2.34771929,2.27542312,2.33143815,2.20440885,2.33461990,2.28234620,2.36657127,2.37591266,2.32622101,2.37311234,2.27650233,2.02997213,1.99559658,2.05398485,2.05903299,2.27494632,2.19146745,2.30134878,2.29889761,2.34367725,2.33722336,2.32919862,2.27821295,2.21493200,2.03093548,2.21926356,2.42356745,2.40739346,2.29590387,2.24393211,2.34856403
2.42510782,2.32975758,2.29359908,2.10801113,2.45756033,2.37929706,2.48164979,2.55360403,2.50388722,2.38095814,2.44217569,2.52909421,2.50130091,2.26108743,2.01637838,2.32790481,2.31929244,2.36556295,2.47440749,2.45209406,2.46138237,2.43480383,2.42246040,2.42998635,2.44204078,2.43884893,2.43988294,2.42862440,2.30151747,2.30925857,2.33540566,2.23293196,2.36648143,2.38685499,2.21380612,2.39902534,2.17281142,2.37728939,2.14669801,2.27851009,2.41446560,2.44356339,2.47398766,1.93754855,1.71678208,1.72620161,1.79980325,2.35168694,2.45135706,2.25288584,1.96536528,1.81083928,1.67707324,1.00870775,1.50487872,2.28588935,2.10796856,2.35022109,2.35219856,2.39784961
2.56280997,2.61874999,2.62624488,2.55948987,2.15225654,2.42196839,2.46200209,2.55419873,2.62246449,2.58562469,2.51720386,2.19721442,2.21413902,2.53090304,2.62275061,2.52777752,2.45417180,2.44680448,2.50050106,2.39950514,2.50817766,2.52988353,2.51384856,2.48438494,2.42469848,2.49424308,2.49606227,2.36322608,2.57685610,2.61456520,2.57212125,2.42812244,2.56137814,2.58255504,2.46853319,2.48372526,2.17117767,2.50685008,2.57374607,2.33905991,2.21880419,2.48072642,2.04056678,2.31297722,2.52090393,2.32145476,1.97471253,2.12903377,2.38780431,1.98885482,2.51028999,2.49495104,2.43562842,2.33953686,2.42155114,2.26641398,2.08171334,2.24264847,2.32068928,2.35510481
2.55994485,2.55951841,2.58414486,2.55554506,2.20876077,2.48642487,2.40377634,2.44974844,2.50624221,2.45834600,2.47038280,2.40162707,2.38051267,2.55181500,2.50787583,2.49445523,2.36493083,2.58326938,2.52515131,2.35116638,2.58436901,2.60566701,2.58030805,2.48234023,2.39702358,2.41302263,2.30700999,2.43382309,2.53817398,2.52839773,2.54221080,2.39190705,2.35370902,2.20722535,2.43955196,2.38693755,2.38614944,2.34608823,2.44177024,2.17252556,2.03995400,2.04886508,1.85487121,2.37497926,2.46832212,2.34523752,2.21666850,1.91735173,2.44410401,2.37316132,2.40467196,2.22226855,2.41976830,2.26322142,2.24066102,2.29187470,2.28191267,2.22280804,2.18627200,2.48042709
2.41131587,2.48453769,2.42201170,2.45680589,2.18222505,2.33167361,2.45509176,2.40879040,2.47323460,2.48189208,2.43700521,2.25428555,2.10170799,2.44659541,2.47109206,2.46115826,2.26051615,2.24619970,2.21446675,2.34847446,2.43646051,2.42672563,2.29068477,2.29954651,2.31173356,2.38997365,2.42734888,2.24159241,2.34224810,2.44211816,2.39795960,1.99533802,2.16559293,2.29358658,2.22906324,2.04141468,2.17547259,2.38814418,2.45703761,2.28811740,2.34939054,2.44750353,2.37011139,1.99359617,2.06857483,2.44909303,2.10503854,2.22708983,2.19059303,2.36376047,2.30253247,2.25202302,2.43851376,2.42657495,2.36579847,2.10509177,2.25884598,2.38168383,2.07551250,2.37700591
2.53630827,2.61319513,2.62848202,2.57982685,2.42838495,2.50763492,2.41282173,2.50121126,2.35530417,2.49690228,2.37979749,2.43129584,2.38826280,2.56859752,2.51906730,2.44800218,2.46622432,2.56888315,2.48187277,2.55395136,2.54376165,2.57004838,2.53000300,2.45337918,2.39524832,2.48428255,2.57700729,2.53774059,2.45706354,2.24575815,2.33243721,2.25386055,2.35267535,2.50401854,2.48532240,2.48752934,2.27436967,2.18001289,2.47745424,2.43266014,2.44910369,2.47541925,2.42275992,2.23892007,2.52009801,2.50444334,2.51857861,2.39139008,2.26944199,2.22869594,2.32449625,2.38379878,2.40630125,2.41204725,2.41282886,2.18730829,2.41344986,2.32277277,2.35051915,1.82786065
2.49997338,2.55069421,2.51217889,2.40551118,2.28955419,2.43318299,2.38845665,2.52901904,2.49387771,2.52932919,2.46219786,2.35465350,2.46622594,2.46521630,2.44093390,2.32280139,2.42738180,2.38232585,2.43375995,2.47014623,2.42545742,2.40766979,2.44526204,2.32448211,2.38532056,2.41214417,2.30781949,2.28436220,2.51446805,2.54986032,2.52222403,2.20983810,2.42313555,2.52432915,2.48826604,2.37020731,2.40756729,2.42507261,2.44999645,2.32509175,2.33797912,2.48474728,2.34770993,2.33284420,2.44569007,2.50331672,2.51989088,2.45081494,2.37884718,2.43666532,2.51329199,2.49595421,2.44035189,2.40742275,2.48177001,2.46790208,2.41284709,2.38010473,2.39674736,2.34155087
2.47004240,2.53344567,2.55928034,2.50072719,2.39276467,2.38635748,2.38345048,2.51160442,2.38115259,2.29332289,2.39460588,2.46677664,2.43648791,2.46389879,2.51711021,2.50369322,2.46340496,2.46013349,2.15700115,2.35631402,2.43605525,2.42966994,2.42827428,2.48660768,2.45011406,2.39048649,2.53182026,2.48124497,2.35702133,2.25132374,2.12309308,2.24773783,2.40280682,2.30247290,2.24578354,2.06838580,2.33199487,2.45099129,2.48712079,2.06539483,2.19786104,2.26185368,2.35919251,2.38719954,2.42944364,2.27267818,2.35969752,2.41887320,2.32865202,2.33777260,2.45314520,2.43970272,2.30475427,2.27289674,2.30299981,2.37789313,2.41325958,2.35800698,2.45242107,2.38558474
2.45336333,2.47494929,2.48231454,2.45622469,2.30113842,2.36069878,2.45617196,2.45918725,2.48093404,2.48309044,2.41973160,2.06989695,2.10972164,2.39232686,2.36524055,2.34571184,2.16561942,2.23240279,2.22358336,2.18288363,2.14722037,2.14856620,2.19119265,2.18749951,2.05590831,2.42519188,2.45385844,2.44032624,2.41722764,2.41384608,2.33173845,2.12474059,2.26545702,2.45228191,2.40201670,2.16313508,2.35318868,2.37492056,2.47039351,2.46431944,2.38043712,2.42661123,2.37313185,2.07934295,2.30156644,2.23666503,2.28600381,2.07351943,2.32460016,2.29401090,2.19248683,2.11772179,1.96325787,2.25161994,2.35382443,2.22509803,2.34804953,2.45198056,2.40559952,2.21142593
2.39348689,2.55430371,2.51011486,2.52211718,2.26829204,2.29835557,2.41867294,2.53536921,2.38614011,2.39862317,2.36629574,2.48005501,2.54817905,2.49291361,2.45529413,2.42501179,2.30290345,2.30377174,2.50067360,2.55890178,2.54843872,2.53631649,2.51449388,2.31616319,2.41337250,2.27186953,2.08321465,2.24531664,2.36773702,2.37241911,2.34465693,2.40411795,2.32663928,2.39330288,2.37272386,2.31958294,2.31568149,2.24815721,2.62003917,2.48402300,2.12770579,2.26912356,2.28850465,2.49913108,2.40882539,2.46251211,2.49031743,2.35414551,2.40039331,2.48191213,2.55123845,2.51141144,2.43683337,2.09326791,2.18136943,2.48554205,2.30543661,2.55582789,2.44662679,2.40294892
2.41759843,2.28789585,2.17827378,2.18837686,2.29651317,2.50143237,2.43840801,2.18141516,2.43665918,2.55826389,2.55751770,2.49614642,2.21501423,2.38056011,2.19110821,2.39584260,2.47502389,2.41175428,2.44659356,2.40572534,2.43420808,2.39701519,2.40487359,2.46490243,2.34182342,2.37436774,2.49745982,2.50828193,2.47697344,2.49720530,2.46290794,2.32764982,2.35367101,2.54880790,2.53774290,2.43648660,2.44322848,2.33641804,2.53745401,2.37151972,2.20398907,2.43400581,2.36645658,2.26416190,2.27467566,2.44408813,2.21446142,2.16097389,2.09112915,2.41978328,2.47878989,2.47688944,2.51938711,2.43598480,2.34887781,2.28921412,2.39892815,2.49568094,2.42051270,2.34936986
2.39745573,2.45311828,2.43858624,2.53387414,2.38165363,2.48771961,2.45735937,2.37749337,2.42510130,2.54311238,2.56060498,2.46431766,2.28770494,2.45756624,2.44886040,2.32942148,2.49222746,2.54267881,2.50761893,2.23536079,2.31967349,2.41108832,2.53454299,2.44889288,2.35598066,2.44821667,2.36789376,2.43457789,2.36136494,2.20795230,2.24335163,1.98149997,1.94740395,2.11875431,2.28541673,2.22132068,2.33166278,2.26821356,2.33256527,2.23409755,1.90776671,2.08516833,1.97981825,2.14629527,2.15293803,2.22818368,2.32372810,2.33806581,2.35357761,2.24114421,2.19025243,2.00198721,2.09152313,2.18475549,2.29183625,2.33120986,2.28224411,2.26296637,2.14259565,2.10904905
2.47806879,2.48557628,2.36458077,2.45730959,2.53943695,2.54716549,2.38982688,2.12417467,2.52870530,2.51682349,2.55172921,2.50058156,2.29058094,2.38905886,2.39780683,2.46605783,2.52034820,2.49533906,2.51598163,2.37411032,2.41663125,2.38888514,2.30832419,2.24307177,2.42969540,2.44106555,2.44796645,2.39216601,2.44884082,2.52584803,2.40340922,2.38456202,2.34204739,2.02839885,2.27481471,2.38075736,2.15769619,1.80679673,2.44587271,2.46492264,2.38575872,2.36960042,2.29203474,2.11095738,2.37783315,2.43756546,2.38289388,2.11900860,1.92983492,1.68191869,1.70513715,2.07524036,2.40682263,2.35460301,2.06947561,1.63402454,2.14001682,2.34247912,2.28565013,2.16374266
2.25082144,2.43542103,2.37179342,2.52150425,2.46201186,2.46121725,2.46178752,2.45968243,2.44845753,2.16383762,2.15221245,2.43892487,2.11262329,2.30476817,2.49433148,2.08123256,2.23098732,2.22889709,2.45464603,2.25506113,2.35915058,2.34330256,2.15418038,2.34573751,2.48131876,2.31852847,2.04105441,2.15594471,2.35051004,2.33341388,2.29307135,2.42417403,2.44197785,2.31111689,2.27591677,2.44258170,2.28333015,2.40235348,2.30180820,2.44026394,2.35398570,2.31156730,2.21952576,2.18799357,2.04607517,2.02699404,2.04115730,2.31094813,2.23789825,2.27440964,1.95968476,1.89323704,2.18583706,2.02587723,2.25174148,2.32655020,2.22015267,2.11544806,1.92753336,2.05673272
2.55652594,2.49603521,2.15697357,2.23543417,2.42433085,2.47978093,2.28744158,2.26280658,2.36373014,2.39349396,2.41987130,2.54159486,2.47626604,2.42718006,2.45353626,2.47711371,2.41324962,2.29439897,2.48215635,2.51327417,2.40074843,2.45904806,2.37732861,2.38688464,2.48607916,2.32932218,2.36535634,2.50884849,2.50904779,2.43001215,2.32760225,2.46370635,2.16450802,2.21852957,2.40583825,2.50096367,2.52170062,2.50696070,2.28285141,2.41715022,2.47066260,2.45336137,2.16801143,2.29107920,2.25311422,2.07284523,2.36495049,2.20423294,2.36249248,2.32934230,2.27656327,2.35104979,2.36761301,2.42272140,2.32003417,2.43580818,2.46504610,2.35955024,2.21206734,2.47084024
2.46301270,2.51703891,2.39030591,2.39408497,2.30855269,2.53992891,2.42340692,2.21910767,2.24094643,2.37429877,2.45543114,2.51012246,2.54665851,2.52156474,2.35735106,2.46137985,2.47586948,2.46655104,2.46830285,2.51152821,2.46776986,2.41773056,2.33864541,2.38052565,2.48232619,2.41832074,2.33546742,2.32854448,2.32334145,2.38050998,2.40973098,2.46512745,2.28446799,2.25827759,2.29661320,2.23242124,2.08799887,2.15039761,2.37543072,2.36948339,2.33179844,2.38144660,2.24972590,2.42110700,2.29213071,2.36288875,2.44905632,2.22395285,2.37672417,2.46704791,2.33280935,2.42545495,2.39862845,2.36951794,2.24993993,2.19767848,2.35134102,2.48293895,2.49498866,2.42800552
2.56194840,2.52658551,2.38331725,2.37434953,2.29111390,2.28310528,2.42953822,2.31862235,2.00578200,2.09030232,2.50418804,2.55233182,2.53073732,2.44913050,2.45739024,2.43855725,2.46939228,2.31238239,2.45066707,2.50437384,2.44421927,2.33389826,2.42581659,2.40878523,2.44903718,2.44837511,2.32683743,2.46032733,2.50797246,2.26550623,2.32579250,2.44001296,2.39501003,2.13690450,1.96265521,2.37685346,2.48677721,2.37385806,2.18552071,2.46126540,2.50098154,2.39493516,2.06199720,2.47265933,2.22974847,2.33773211,2.40643247,2.33761581,1.98582573,1.96754633,2.40373388,2.13495849,2.34701906,2.21457993,2.20918763,2.34283095,2.11462257,2.40199632,2.17954272,2.46939995
2.54609666,2.39154537,2.40320900,2.42994729,2.41357530,2.41724685,2.36684494,2.31034073,2.29074724,2.05325097,2.25261684,2.41739482,2.51667761,2.49967605,2.19060828,2.39863929,2.41013470,2.47842673,2.46081144,2.48367424,2.54299512,2.37125921,2.12693933,2.32433490,2.46332468,2.50071719,2.08919225,2.20730496,2.30845632,2.32292403,2.33964185,2.40272222,2.43826381,2.43325139,2.03714140,1.90558225,1.93431650,2.33941244,2.41988986,2.27231032,2.20189527,1.92823060,1.94244801,2.25119967,2.23333027,2.31953374,1.95316191,2.09747246,2.43694305,2.47562915,2.17586956,2.00320763,2.08521353,2.34552720,2.17846028,2.29220789,2.27465796,2.32975271,2.38147926,1.98460112
2.48503616,2.59401768,2.58751626,2.45028291,2.37996856,2.51428657,2.37530418,2.47848346,2.54426825,2.43685629,2.28620981,2.20080094,2.23174550,2.52007110,2.49070119,2.47991444,2.55582263,2.58547071,2.62547078,2.45765359,2.56704493,2.56601473,2.49308800,2.36626647,2.48597298,2.41484485,2.45752414,2.48698801,2.56965545,2.59791848,2.59560387,2.53849416,2.58055063,2.58014565,2.59532472,2.53601005,2.52611343,2.39866267,2.36112101,2.03094001,2.13340573,2.24985188,2.03095845,2.01527695,2.55392658,2.59934502,2.60296056,2.50689827,2.45168883,2.36059218,2.26963279,2.47751167,2.43505944,2.45916762,2.19506421,2.26105655,2.45617511,2.45983090,2.33829606,2.38669862
2.47073032,2.53850104,2.55688916,2.33785103,2.29560506,2.44626737,2.35032333,2.22852970,2.36994324,2.35020836,2.35758271,2.45729876,2.32233340,2.51040416,2.36368192,2.39858806,2.27053898,2.20630740,2.23167277,2.32878522,2.40820569,2.49758632,2.42431391,2.36374629,2.22015460,2.41651643,2.42158369,2.42146990,2.40825824,2.48427148,2.52106487,2.36006457,2.50834700,2.54591238,2.51263299,2.08479007,1.89081952,2.16341179,2.29576170,2.16311236,2.37726621,2.36815058,2.31053408,2.49290000,2.43134421,2.45778368,2.49152096,2.14077515,2.40512322,2.38374721,2.21593096,2.37485393,2.47403165,2.39237862,2.43595058,2.42991472,2.47761779,2.28072194,2.29986612,2.33898961
2.54300094,2.56320347,2.54867882,2.49391896,2.34833166,2.37379980,2.36948621,2.16037211,2.07794695,2.11810649,2.18455902,2.05897563,2.29847159,2.55911536,2.54339036,2.51339989,2.46620824,2.46415614,2.44618670,2.33201299,2.35969209,2.45537398,2.43445105,2.49426323,2.40063898,2.41413749,2.49817546,2.26336723,2.32742120,2.43295813,2.50620030,2.26206970,2.32985946,2.43939138,2.47924047,2.25199161,2.16861514,2.32368918,2.38376530,2.41904924,2.38264197,2.41933575,2.43285707,2.36171037,2.42806431,2.48969876,2.43447596,2.21211871,2.04799588,2.20463762,2.43183497,2.33626652,2.48707467,2.46883513,2.47489273,2.45899056,2.42343847,2.48545762,2.46752828,2.46831113
2.56090122,2.50572872,2.56062987,2.51739562,2.41399327,2.45139908,2.42314151,2.42558834,2.46415801,2.48263384,2.47312172,2.47968941,2.43140477,2.46108208,2.47110143,2.38654818,2.40818460,2.41328860,2.39094892,2.36209510,2.30736622,2.29791201,2.37833168,2.40884020,2.33045810,2.34982570,2.43387719,2.41387631,2.43275862,2.56002748,2.56102493,2.19984448,2.43037678,2.49849240,2.50932639,2.26354390,2.45865904,2.39360990,2.35222777,2.25201627,2.09257547,2.46895746,2.51348869,2.39260025,2.29390085,2.44669624,2.48512203,2.32613091,1.99735679,2.46698803,2.47990633,2.44878223,2.50744696,2.38902907,2.40088346,2.50123476,2.28177441,2.22995587,2.22198233,2.28937024
2.49276668,2.48216390,2.53852185,2.53674161,2.47622986,2.44733324,2.35368031,2.46403104,2.50278470,2.48342940,2.35553792,2.41686504,2.49288927,2.46698824,2.51385184,2.52849323,2.51230665,2.41906681,2.36316494,2.44186774,2.45789488,2.42533821,2.45111718,2.42880581,2.41274762,2.52706634,2.51652493,2.50986829,2.36725859,2.55037201,2.52753308,2.51425273,2.39192125,2.40635791,2.28663668,2.39963979,2.34686113,2.44514407,2.52250532,2.43464563,2.36135450,2.45029719,2.45393218,2.49033685,2.49937233,2.43831141,2.38420238,2.26938648,2.37830598,2.35092711,2.40045181,2.32963446,2.41836541,2.41858369,2.26274314,2.41985296,2.35403831,2.39013833,2.17540065,2.10335543
2.47108146,2.59674016,2.61697788,2.58062320,2.30193682,2.43595151,2.42539858,2.58855209,2.39239487,2.36874790,2.52469228,2.45145446,2.55359960,2.60205044,2.54999606,2.60444700,2.55033468,2.46494901,2.48496087,2.44809072,2.47429074,2.48671442,2.49628124,2.54206506,2.51666221,2.49684871,2.49695526,2.52773868,2.43732990,2.55953055,2.57225041,2.44229958,2.57795154,2.59670851,2.58733176,2.47564236,2.33011704,2.47176326,2.59933883,2.50452473,2.35551908,2.53061465,2.37711514,1.84368171,2.04166660,2.24984982,2.21741152,2.30600313,2.46261444,2.43530102,2.57078926,2.59321757,2.37337421,2.45363841,2.38302004,2.37345982,2.39329125,2.37064852,2.23327795,2.41218471
2.47994329,2.48472625,2.48486867,2.48114884,2.34066695,2.40107226,2.24172667,2.41926316,2.47264249,2.46899432,2.41809376,2.27235305,2.15382465,2.46009170,2.42231553,2.47810185,2.37211960,2.24896791,2.27747118,2.26662667,2.35705744,2.30874796,2.29833535,2.34939128,2.32517063,2.44125163,2.46105519,2.40430707,2.31974584,2.35619266,2.37459748,2.31676431,2.37528195,2.37670449,2.33548692,2.18559722,2.15415085,2.32837232,2.39152513,2.42929264,2.39773083,2.35080866,2.33314699,2.39834312,2.37887871,2.36374793,2.43505802,2.04627203,2.23366779,2.25246507,2.28331358,2.22409317,2.08764157,2.22060364,2.38962549,2.01192040,2.10674271,2.14822075,2.18667492,2.32222913
2.62141459,2.62967837,2.63376057,2.61360326,2.40430771,2.31105269,2.27293354,2.32236139,2.45997007,2.47059192,2.40012633,2.36367643,2.33913720,2.51667505,2.58045820,2.56479319,2.27681565,2.28739936,2.29517744,2.43770129,2.60698076,2.57332937,2.46641815,2.28257688,2.20841439,2.47118615,2.58308932,2.46180753,2.54973838,2.58737597,2.57950076,2.29681633,2.50059380,2.55936938,2.54649103,2.38896238,2.23694891,2.31053690,2.48402331,2.43729268,2.47291180,2.38088811,2.24808702,2.18096803,1.84595976,2.26938485,2.40206365,2.32916349,2.24551616,2.41723575,2.52454420,2.38871949,2.37327411,2.30875544,2.16564030,2.52314716,2.36249959,2.33488980,2.19380247,2.17843382
2.49674816,2.01705523,1.97153249,2.18359056,2.35658843,2.42639175,2.49896875,2.51910637,2.43293484,2.41980919,2.41993491,2.55319210,2.50816476,2.27452756,1.95557743,2.14284221,2.19795822,2.22403460,2.53469907,2.54993337,2.42988236,2.35307300,2.32732441,2.18750844,2.33360489,2.29477551,2.36163197,2.47558293,2.46730105,2.48782002,2.46243311,2.45297522,2.44178277,2.44523558,2.42692037,2.21058036,2.34899390,2.38950333,2.46872363,2.41702122,2.45125051,2.18716436,2.20958983,2.30515140,2.19814591,2.19084241,2.32724683,2.11871648,2.26651084,2.35290728,2.39289308,2.16988253,2.47086971,2.22575039,2.28333112,2.25694773,2.44387235,2.49195839,2.48450502,2.35976815
2.51677542,2.45508149,2.40544803,2.47961978,2.45858926,2.50554006,2.51170626,2.29101967,2.40570587,2.37799997,2.40365720,2.53887144,2.54937738,2.45998443,2.43128865,2.37101313,2.35141947,2.43868149,2.45681033,2.46675861,2.41338325,2.25445980,2.19645933,2.42507897,2.46406962,2.40257409,2.34965838,2.38128845,2.53231447,2.54332593,2.40461091,2.49782917,2.47445898,2.26184536,2.35677006,2.30103314,2.42178180,2.37743349,2.21081510,2.25368567,2.43597336,2.49615771,2.49986531,2.44877031,2.38467709,2.36046193,2.40501802,2.24123969,2.32753340,2.48472340,2.47564742,2.33056193,2.26679783,2.36662301,2.42774577,2.41530204,2.32996807,2.36144813,2.41696684,2.30663405
2.55662222,2.49941319,2.34726212,2.30023884,2.51966420,2.48217763,2.53542322,2.46172573,2.28816503,2.36506478,2.37989134,2.54551770,2.52830580,2.48387385,2.37429701,2.39643513,2.38543915,2.49366424,2.50328406,2.53639960,2.39996331,2.40538948,2.30672311,2.46944075,2.50759626,2.47382981,2.19128602,2.47261439,2.53051576,2.48822115,2.42853428,2.52025928,2.43246947,2.08856275,2.04507395,2.48793511,2.45071145,2.47282017,2.09162841,2.39872203,2.49957626,2.53021334,2.45052497,2.44306015,2.44230104,2.33577507,2.51861225,2.47830165,2.38801915,1.96235460,2.27217401,2.40274319,2.46793323,2.43419608,2.46019470,2.48075312,2.48720428,2.47451017,2.48164751,2.44201116
2.62356361,2.56367340,2.22147453,2.27443197,2.39361317,2.53040854,2.37998087,2.46506934,2.57355935,2.50404850,2.50690616,2.55126279,2.47140313,2.30792111,2.44433438,2.51653662,2.56705760,2.48328608,2.50040460,2.45223416,2.39383412,2.56278313,2.41005959,2.55571237,2.55995142,2.58357552,2.38117242,2.51953513,2.60802295,2.58239055,2.53894414,2.62452037,2.58923647,2.47383675,2.40836221,2.39523175,2.50859228,2.44545982,2.51344921,2.54074298,2.52066318,2.37238564,2.53388072,2.58485946,2.50076473,2.23224175,2.16194062,2.18525592,2.22734348,2.52796192,2.47462743,2.45141017,2.35417627,2.33729269,2.33576736,2.53942738,2.54490781,2.24807808,2.32205272,2.37412168
2.48320388,2.42352560,2.42304386,2.40460080,2.34528021,2.38111347,2.36400043,2.20475281,2.37460791,2.34581760,2.34558978,2.42935183,2.44033736,2.45226038,2.30987628,2.22808603,2.25356435,2.28074310,2.41148496,2.42319010,2.35428488,2.22851925,2.29290373,2.38340122,2.44759381,2.35875943,2.12996915,2.38667948,2.41700738,2.43817442,2.40078689,2.44113350,2.42833956,2.20684647,2.20382933,2.35528650,2.44167599,2.37491338,2.24381924,2.37940216,2.43883308,2.42535243,2.26720143,2.30817596,2.19570762,2.20771673,2.33075945,2.38909254,2.34911461,2.32577931,2.33488696,2.35657854,2.42431850,2.47043455,2.37537517,2.33198807,2.36713150,2.26565811,2.30788881,2.14483197
2.58055023,2.46384280,2.48009837,2.47583854,2.51393653,2.61683500,2.58199282,2.46788787,2.42391460,2.49396393,2.52877173,2.60884811,2.59323518,2.48852877,2.56240830,2.52510357,2.52545220,2.46079756,2.53630621,2.56403085,2.47886406,2.50611564,2.46435470,2.49439084,2.51065214,2.47375995,2.41119976,2.53641514,2.60017701,2.59378158,2.55145754,2.58949204,2.33395385,1.72015097,1.83263309,2.38476679,2.56865632,2.48706606,2.51454950,2.47493482,2.57497373,2.48176012,2.44295666,2.34129921,2.15298313,1.51375825,1.99509514,2.21845003,2.24539117,2.43607573,2.47262656,2.48942078,2.44538971,2.47607614,2.15765673,2.14498445,2.42107529,2.40355292,2.52300714,2.42532693
2.48111110,2.42412586,2.24480527,2.35895592,2.41946099,2.32854523,2.33720833,2.28542554,2.41208720,2.15704801,2.40359322,2.41076126,2.40999657,2.29366604,2.07775947,2.24220619,2.34367158,2.28818276,2.44246655,2.42478980,2.28891452,2.31992400,2.25469294,2.26486771,2.30939417,2.29573808,2.24974213,2.44107540,2.38874745,2.43279635,2.28535081,2.25843672,2.09484287,2.06718178,2.29915225,2.39554331,2.33606014,2.36446058,2.29093848,2.41169328,2.41468786,2.35724731,2.30491457,2.32163242,2.36741100,2.23283747,1.95181562,2.41531310,2.38821963,2.21412918,2.28773580,2.43566999,2.37072261,2.35318227,2.14733526,1.93445000,2.07343360,1.81551809,1.94384969,2.32203665
2.16919275,2.40906484,2.39860090,2.46807633,2.46519129,2.26302969,2.15339785,2.25712639,2.43147721,2.33636119,2.45516126,2.40744256,2.45344636,2.35421233,2.47322568,2.52831598,2.44237368,2.49962669,2.43146098,2.27578176,2.43547070,2.39950809,2.42435962,2.37791715,2.33987897,2.20136363,2.25040516,2.30727722,2.46830270,2.52665522,2.33223019,2.29178978,2.38217893,2.40593285,2.35566328,2.33589654,2.25212664,2.39872942,2.30549453,2.44457071,2.28520251,2.31218803,2.31628112,2.31336041,1.98836329,2.23626697,2.23551044,2.15525243,2.31839848,2.39019706,2.44257943,2.39015778,2.32059949,2.30427519,2.33468533,2.42225917,2.45351633,2.30679924,2.21516806,2.23590345
2.53729646,2.54010390,2.48717630,2.52818629,2.52721133,2.51393931,2.43829334,2.33220124,2.40164510,2.63324803,2.60449900,2.61775353,2.21564937,2.10072174,2.17316880,2.41606970,2.56821629,2.58489808,2.50714075,2.46224193,2.40005211,2.60725785,2.61103753,2.59225639,2.42279227,2.52794716,2.60700188,2.62150377,2.55216836,2.55707509,2.41998663,2.35421941,2.37437953,2.55343966,2.57024238,2.54013190,2.56872241,2.48104200,2.51213399,2.49622462,2.28433454,2.15462311,2.10380306,2.46615338,2.43988821,2.44039873,2.42067776,2.43898306,2.20108173,2.22238629,2.51375944,2.37446385,2.46707815,2.44962710,2.42185486,2.48443557,2.55824203,2.31332898,2.31855025,2.51185432
2.46385644,2.44342095,2.49613940,2.47523898,2.45541009,2.41577729,2.44897720,2.47615937,2.51348298,2.54362467,2.56042223,2.43192914,2.41447232,2.46511127,2.40225659,2.48316741,2.49869833,2.43432247,2.39265064,2.31240338,2.39168876,2.33740235,2.44517977,2.27779556,2.38670380,2.41050780,2.50290781,2.49913118,2.32510423,2.41980019,2.42388698,2.42591040,2.26052809,2.36510243,2.16948547,2.26475918,2.42850035,2.43236192,2.54501520,2.48075872,2.14672900,2.33509841,2.47768833,2.37892642,2.23474405,2.38493290,2.45923682,2.32227436,2.35049183,2.30246958,2.39945844,2.21438646,2.31548030,2.29223616,2.37611227,2.42271797,2.45901222,2.41588381,2.40878990,2.42992835
2.32190266,2.51994100,2.45671747,2.45045441,2.30096247,2.27787433,2.24106929,1.92362675,2.46124878,2.55999627,2.55286294,2.52351519,2.44112555,2.43042196,2.38042335,2.37599334,2.49841790,2.48183753,2.47630813,2.40129936,2.36297089,2.38302499,2.39239757,2.40682176,2.19966842,2.47695650,2.52976420,2.41576927,2.31713180,2.29519374,2.52883092,2.39554790,2.12447137,2.41964040,2.40311319,2.33715956,2.36641984,2.37540628,2.48818498,2.41276898,2.37795877,2.48684431,2.44890655,2.37359231,2.37338777,2.45084288,2.45087020,2.39214618,2.52678325,2.34956284,2.32099605,2.38436352,2.31538575,2.42205470,2.44694983,2.43316683,2.38008838,2.49394965,2.47941741,2.35858681
2.18494499,2.32450777,2.31177780,2.52478813,2.61496662,2.47415512,2.55287947,2.46965236,2.52747037,2.57741458,2.61036730,2.58258994,2.34279158,2.14480164,2.44860894,2.49026705,2.58227146,2.61902082,2.56293708,2.48231960,2.47990923,2.51482180,2.49921938,2.49274031,2.22294546,2.46683869,2.56503248,2.49567553,2.44585971,2.57630314,2.51862577,2.45214859,2.48804308,2.17430014,2.21736682,2.10069215,2.20592976,2.46065994,2.44723288,2.52132912,2.45198177,2.58074922,2.55229184,2.51500334,2.51515466,2.37956392,2.41637930,2.41165768,2.32499638,2.39780548,2.54062470,2.52689446,2.39092455,2.38434802,2.42850790,2.29103417,2.47439476,2.38823197,2.35261876,2.37843044
2.35877698,2.33861191,2.26022575,2.22118879,2.37907721,2.45922007,2.36248680,2.35303652,2.39668940,2.44279434,2.46993405,2.42510907,2.32768714,2.34872495,2.38312351,2.42820532,2.40352053,2.40730788,2.41436240,2.36370393,2.33322018,2.41560608,2.44914344,2.46639612,2.18287669,2.38058023,2.41084773,2.39481413,2.15917787,2.29943945,2.29643101,2.31836882,2.30190444,2.37353893,2.37227653,2.42360739,2.44729776,2.34572917,2.39818779,2.40225532,2.28357362,2.42162828,2.42230952,2.38762312,2.30845630,2.32472387,2.39178929,2.39900668,2.39647683,2.42752936,2.37909690,2.31863065,2.41241955,2.45722128,2.42854049,2.32969946,2.26124686,2.33110932,2.30876437,2.18812775
2.43167413,2.39347589,2.40975828,2.52998170,2.46165122,2.45727114,2.32960260,2.23994470,2.40472666,2.55717859,2.55041209,2.50692243,2.38355095,2.40842806,2.47265762,2.40418292,2.40277019,2.36099964,2.33365616,2.38243954,2.43869648,2.46847428,2.33766875,2.35998404,2.38438728,2.52169294,2.53519255,2.52501209,2.51744607,2.51632694,2.48788624,2.31815221,2.38888879,2.43344260,2.38548879,2.03457737,2.09150106,2.28928307,2.46610153,2.40429340,2.41158892,2.42317590,2.44860322,2.21427480,2.08690100,2.14661859,2.13681413,2.42819059,2.51089526,2.44338897,2.37951590,2.40867390,2.50783497,2.45767279,2.47517010,2.19909356,1.95173331,2.04750206,1.97951382,2.20764142
2.27660741,2.27039231,2.30001689,2.38614983,2.45242056,2.38873378,2.29653051,2.43598075,2.44148685,2.48339419,2.48455693,2.48066125,2.29903108,2.41830382,2.39329340,2.29688198,2.47256288,2.45462108,2.40705320,2.36275863,2.33458297,2.36281856,2.33070103,2.30970624,2.18247331,2.35726758,2.36360013,2.32836898,2.39251038,2.45696172,2.41361686,2.11521282,2.14481168,2.28009819,2.35087107,2.37249213,2.30787689,2.22901541,2.40616481,2.37061733,2.35861806,2.37822502,2.34755452,2.28004092,2.18912680,1.90794134,2.03663162,2.27399389,2.10366408,2.13353511,2.32841471,2.27081448,2.34286765,2.38277320,2.23114060,2.30873400,2.31754893,2.27271702,2.30843648,2.15271320
2.24532655,2.22498263,2.59198870,2.58659790,2.38958374,2.51291236,2.49462831,2.39389353,2.53470887,2.54606316,2.39348295,2.44942346,2.52832819,2.54636596,2.57334090,2.52013762,2.51220226,2.43071133,2.42765436,2.45899790,2.57642449,2.51590414,2.49674831,2.57201886,2.38923331,2.38025542,2.53316197,2.47343617,2.53734458,2.52949198,2.28987383,2.41373198,2.54678743,2.13379507,1.77632595,2.09901716,2.35905994,2.56196764,2.56089211,2.48758596,2.27389808,2.57201652,2.41360985,2.27959964,2.37704053,2.48845207,2.47428017,2.34652278,2.54876767,2.50689274,2.36899161,2.29111649,2.32374850,2.61393206,2.59901380,2.32354222,2.25941210,2.39956053,2.39033668,2.41123829
2.52502374,2.35860322,2.39192933,2.50203971,2.55434265,2.55181807,2.48767114,2.28987644,2.41021008,2.44244194,2.13635006,2.48500487,2.52617526,2.50657446,2.47717408,2.51337440,2.52625687,2.50639706,2.46714485,2.45100333,2.41628323,2.49666568,2.37683864,2.49017394,2.54207934,2.45724907,2.38460458,2.39640503,2.52292250,2.55206848,2.55604658,2.15063780,2.48327566,2.39468449,2.44842716,2.41550575,2.21755936,2.39476472,2.39203852,2.28008501,2.47839982,2.48805131,2.51106807,2.02582144,2.17665478,2.25461734,2.26917836,2.24476824,2.40371071,2.33878875,2.47923965,2.42610342,2.53074160,2.47126659,2.49460239,2.36957947,2.43279395,2.35181405,2.19674750,2.20181143
2.45139306,2.35693595,2.09715321,2.43077871,2.55378323,2.54695994,2.43783758,2.24999382,2.23899375,2.26572519,2.20408282,2.48553699,2.41495838,2.25246160,2.42645309,2.36276723,2.50281080,2.51841118,2.48360300,2.48086219,2.42602074,2.54185185,2.52117243,2.52406293,2.47229801,2.51126250,2.29042890,2.03762440,2.39781768,2.51807536,2.50036755,2.02547569,2.42134931,2.48685969,2.49589283,2.44626844,2.46246464,2.45192458,2.54342155,2.48814653,2.17399505,2.31734947,2.24408778,2.18690721,2.44364129,2.49063184,2.32386894,2.21686606,2.41451029,2.40731496,2.53784189,2.47491725,2.04367034,2.15832282,2.00885542,2.32860988,2.32244585,2.47638594,2.35149679,2.45417567
2.36544215,2.36736813,2.24823748,2.46097244,2.48192926,2.48080568,2.46965246,2.41035637,2.35464577,2.34212611,2.26856803,2.31240680,2.26897833,2.25515102,2.38657813,2.25881085,2.44759931,2.47724676,2.38618604,2.33140560,2.34181486,2.37958578,2.31065260,2.35238070,2.39219482,2.43038080,2.21197916,2.34333250,2.37049702,2.43356418,2.41474644,2.32922984,2.14601766,2.19309513,2.24025016,2.42483383,2.43490093,2.24806958,2.24677503,2.25190674,2.13311316,2.29575662,2.25229503,2.14947990,2.21995795,2.37619872,2.42444272,2.24086724,2.34729819,2.39685845,2.37556644,2.36137091,2.08954418,2.28537315,2.30004016,2.34991634,2.14858585,2.18115353,2.01733961,2.22211842
2.45477263,2.49089357,2.52384635,2.52679687,2.54619176,2.57380149,2.54312805,2.48718409,2.50434419,2.52536268,2.42076363,2.50711010,2.47555211,2.47523223,2.47237884,2.41416235,2.53202309,2.58050346,2.41774128,2.26096801,2.36584976,2.48095039,2.56675019,2.41908036,2.48090303,2.51579123,2.60427041,2.58804237,2.56795186,2.60557837,2.55196815,2.50745544,2.48465499,2.54918655,2.48153713,2.27596750,2.52646629,2.47763694,2.55105143,2.55110234,2.54195237,2.59116486,2.48934974,2.42947729,2.27608140,2.52178132,2.51194429,2.51603843,2.55461042,2.51339357,2.10914354,2.39135144,2.52214237,2.59181455,2.56700385,2.18503617,2.19043893,2.26550421,2.46148052,2.46025167
2.34962157,2.45920970,2.35004400,2.27141423,2.23176202,2.23332639,2.41910781,2.49842590,2.37877956,2.21167295,2.32643732,2.54775073,2.48792823,2.52854613,2.21341193,2.46657536,2.49296719,2.27777793,2.46468510,2.52402944,2.46219432,2.50039506,2.40849761,2.41087363,2.40268498,2.35574566,2.34283999,2.47085045,2.54868388,2.54237373,2.51328908,2.51863458,2.48404318,2.45106410,2.47963130,2.43673586,2.39350030,2.42117108,2.41686103,2.46135818,2.52511097,2.48668324,2.43515261,2.41908404,2.39404140,2.39180035,2.47440580,2.28998423,2.29893107,2.49851654,2.02403359,2.24077513,2.45458540,2.47335222,2.41573840,2.18698006,2.30349898,2.38328517,2.46375230,2.40901770
2.49408044,2.39372637,2.40326084,2.42286602,2.33915399,2.45139931,2.40587106,2.46758250,2.39105330,2.43837191,2.45123439,2.49834202,2.50862476,2.47946312,2.49239503,2.51152088,2.43888846,2.48862414,2.48323674,2.49310998,2.34234796,2.52035611,2.49958262,2.43533456,2.43917735,2.44904767,2.30560697,2.53131936,2.55309341,2.55612616,2.44116217,2.49821289,2.50836190,2.51390156,2.53633606,2.42069775,2.40131548,2.36758806,2.23773370,2.42135607,2.49526847,2.45367774,2.50718492,2.37135383,2.34993333,2.25427949,2.40495731,2.49752991,2.38944808,2.37911181,2.20457688,2.43929355,2.49767092,2.45977104,2.44978951,2.44061843,2.43730330,2.38581660,2.45838922,2.40504067
2.47556782,2.34742753,2.35618765,2.43155760,2.40077652,2.28552288,2.46250514,2.35813714,2.39760024,2.20727047,2.33717118,2.37427350,2.17877376,2.00161361,2.24483043,2.43652978,2.45334840,2.33078435,2.40199619,2.37808090,2.36715375,2.33459959,2.38050597,2.35111636,2.43524883,2.38316377,2.25601785,2.43243739,2.41024097,2.39991829,2.30899713,2.43204133,2.44411471,2.21826243,2.35214103,2.40108953,2.35156270,2.40262476,2.08835591,2.28330708,2.41441652,2.29783797,2.34439080,2.24222181,2.18730984,2.37758662,2.33035471,2.36072707,2.38735441,2.22350530,2.37411799,2.29933018,2.39672327,2.45049326,2.28536491,2.15948982,2.34951760,2.31357686,2.37009380,2.22990130
2.47854826,2.48603538,2.33471127,2.40447240,2.48500553,2.39911523,2.48303907,2.48239160,2.39513323,2.37137902,2.38259619,2.48731342,2.42060036,2.34549214,2.39875241,2.31454808,2.33779524,2.38957813,2.36053284,2.28427180,2.30538915,2.37148623,2.45657614,2.36571536,2.38638524,2.29413906,2.19208780,2.41311008,2.27978061,2.32185699,2.47475856,2.48628953,2.47400882,2.42024993,2.43288857,2.32709218,2.39384814,2.35603086,2.31907076,2.13651566,2.32507533,2.37079432,2.35634684,2.39404457,2.35761506,2.20574799,2.22915308,2.18198372,2.35193653,2.41897624,2.12548351,2.02054389,2.31180289,2.45981390,2.30548796,2.29352589,2.38292501,2.42749002,2.36236602,2.30992138
2.52958755,2.59245099,2.43133272,2.48611037,2.34924069,2.16935015,2.33575454,2.47509119,2.55691602,2.61420220,2.49533548,2.44619411,2.41810242,2.35173028,2.42181551,2.52599078,2.46396642,2.54657123,2.43001403,2.36454207,2.30762530,2.35925560,2.24408417,2.24150677,2.06327549,2.44883589,2.41837861,2.39624881,2.02900326,2.06328683,2.06687355,2.31908119,2.51806606,2.45578136,2.45571310,2.24449817,2.34927731,2.38505713,2.36905078,2.26129834,2.33448579,2.28702778,2.38559802,2.21737308,2.27695169,2.37814913,2.35043434,2.38271777,2.36114537,2.35179521,2.03388518,2.21282012,2.40880423,2.29577583,2.24487909,2.07320465,2.17553413,2.24085689,2.23118010,2.14800364
2.37375161,2.31969704,2.19313036,2.22466482,1.99888185,2.19205193,2.24808069,2.44437496,2.41767693,2.38404872,2.35167559,2.32981099,2.39016341,2.37377270,2.33409782,2.37313363,2.46205722,2.43816381,2.11464335,2.31075325,2.41630997,2.43029258,2.29344992,2.14654199,2.26431188,2.21918954,2.09858887,2.17957089,2.20375930,2.11086341,2.13743030,2.35839441,2.22837998,2.19930092,2.31879125,2.22701917,2.12101487,2.14405480,2.21811674,2.25129404,2.33085572,2.36103420,2.01719674,2.07386408,2.02726159,2.05014802,2.30808278,2.08803789,2.16641800,2.20004643,2.07235194,2.11351296,2.24841723,2.20158578,2.23068182,2.21804501,2.27434215,2.32589919,2.25310764,2.07674123
2.51177915,2.37553604,2.51070967,2.46996328,2.39227332,2.54256154,2.44002726,2.43286833,2.57659781,2.41895494,2.58122281,2.53324716,2.45733748,2.53293890,2.56383749,2.46825634,2.54233678,2.45933208,2.40298168,2.53553764,2.44991883,2.30484215,2.51696988,2.48936725,2.03432683,2.41768879,2.46484294,2.52005935,2.52360245,2.56188373,2.48996909,2.50926081,2.40177694,2.49808027,2.46988097,2.49815130,2.45255078,2.55022304,2.45159886,2.45890894,2.22559220,2.20283590,2.38703390,2.44204335,2.51506575,2.50530703,2.47149858,2.20227027,2.07586821,2.17094906,2.42947845,2.47594810,2.40453169,2.48798134,2.25166907,2.42190558,2.42716788,2.35714151,2.11331260,2.54193215
2.51676999,2.55996381,2.48608513,2.47159572,2.55643146,2.58634985,2.54788821,2.51923092,2.45027842,2.60877911,2.52017006,2.45810315,2.42451417,2.25753351,2.35102249,2.58649304,2.49914784,2.28938013,2.12527651,2.42241351,2.42844693,2.51621212,2.52091976,2.39547176,2.36882391,2.47597763,2.47923847,2.53807377,2.44476374,2.16500810,2.43872480,2.56374416,2.51916674,2.38724920,2.17352351,2.43853867,2.20928387,2.35145237,2.38404046,2.39524570,2.48281325,2.20444776,2.41374356,2.31008094,2.19512150,2.33416472,2.26242159,2.45038698,2.51125447,2.23982312,2.22821864,2.34331510,2.30994211,2.03793268,2.22887088,2.36463581,2.42644816,2.06167887,2.03183312,2.24735002
2.16236849,2.18334532,2.52482600,2.48624289,2.44035664,2.43733094,2.42657283,2.37726945,2.50151640,2.51880216,2.43111920,2.42792456,2.44088326,2.32803752,2.14103809,2.17853116,2.51856453,2.47022915,2.41729258,2.46540050,2.47033314,2.42120239,2.48010151,2.48243573,2.34580794,2.53654371,2.54798819,2.48471289,2.53860442,2.55151646,2.53851734,2.34697657,2.44721440,2.49935434,2.48619142,2.40728198,2.31520351,2.49043272,2.54031553,2.51521398,2.43189398,2.51060017,2.51783673,2.43451359,2.26757541,2.47405964,2.43259324,2.14730741,2.34063395,2.32650178,2.28918107,2.41283513,2.40412239,2.49037715,2.35111490,2.23779206,2.36920657,2.43727271,2.49014799,2.37849281
2.50033618,2.48062951,2.50055682,2.41488437,2.53247405,2.39984128,2.46316196,2.48914733,2.52138938,2.50470428,2.47502790,2.53350899,2.40402042,2.37761523,2.32162402,2.40948162,2.50162342,2.47706576,2.44137317,2.31294132,2.50349075,2.40906537,2.51309473,2.52797268,2.48018516,2.32701281,2.50527209,2.49888274,2.53624020,2.54671461,2.48425032,2.47161459,2.43904765,2.48923193,2.42958935,2.50166812,2.22438246,2.49225226,2.51436756,2.51702303,2.12133936,2.08559741,2.22190773,2.40288695,2.22695745,2.34568169,2.27304272,2.15192523,2.01190907,2.29929360,2.44578522,2.21461547,2.21137880,2.17097958,2.15856749,2.30961410,2.25535296,2.24533345,2.31710845,2.27292079
2.25737281,2.22992698,2.27827842,2.33245580,2.34116249,2.11493875,2.05084204,1.97446205,2.19399383,2.38321824,2.38020482,2.35189219,2.21615333,2.27261322,2.22192741,2.33951164,2.33866267,2.30348182,2.18755964,2.16803968,2.13531260,2.35197612,2.29766611,2.30277608,2.29751920,2.28427861,2.30157787,2.32694625,2.31284443,2.38078382,2.28269399,2.34286622,2.28198892,2.32063179,2.23887297,2.25483988,2.15310701,2.29297640,2.30850674,2.29010956,2.24700824,2.29516427,2.22969701,2.03890545,2.04892353,2.26101487,2.27324853,1.87429096,1.89372613,1.99858061,1.92654787,2.06918743,2.10525203,2.22741742,2.24618418,2.11095324,1.89676940,2.07812169,2.25253818,2.17767123
2.18716142,2.26167529,2.26461902,2.25185031,2.41900478,2.46832730,2.42620873,2.48510543,2.35972550,2.40835717,2.39113528,2.53142654,2.41931026,2.43360455,2.42193686,2.43631896,2.43352773,2.20975569,2.25553824,2.31955877,2.36803827,2.35332422,2.36605961,2.41224899,2.40832436,2.33941992,2.50477496,2.49785075,2.32591075,2.41688332,2.34891897,2.37376739,2.43826556,2.40062677,2.41179022,2.14940051,2.39111686,2.27569660,2.36482163,2.33738564,2.30048822,1.65095309,1.62741215,2.12794237,2.35155009,2.27542484,2.38475832,2.42754495,2.44136386,2.33842398,2.08910319,1.96408303,2.16988523,2.37947142,2.21421965,2.28114910,2.25704350,2.30747925,2.33267927,2.13827152
2.44681131,2.28889193,2.33502955,2.31407265,2.47173876,2.45522435,2.35274624,2.18632764,2.32343038,2.14401327,2.06746541,2.15868085,2.24860949,2.28301665,2.20526202,2.09325364,2.46908091,2.45439721,2.43014609,2.23167234,2.07922900,2.14199475,2.23785335,2.39930859,2.40303186,2.42809519,2.14234102,2.38782411,2.40678217,2.38435457,2.31690772,2.23552715,2.32871162,2.36189853,2.29482361,2.35025119,2.43607646,2.30867213,1.64825602,1.80549616,2.01206151,2.30847835,1.93287516,2.11993643,2.34684053,2.22963679,2.23683174,2.25427296,2.31002979,2.00259432,2.05336165,2.30963941,2.22745899,2.32260444,2.16156023,2.35714824,2.37374326,2.38486496,2.26581095,2.14552334
2.43768167,2.44446248,2.30472222,2.31774367,2.51120698,2.52048762,2.36528601,2.12003437,2.26173769,2.07471473,2.15551602,1.95703184,2.09158572,2.26249294,2.36358980,2.34441167,2.53886039,2.52580781,2.51124798,2.34935460,2.22550884,2.32926628,2.39336775,2.47415140,2.44098070,2.50243798,2.37788521,2.04753102,2.30326240,2.52838803,2.21728498,1.77779657,2.47709307,2.53015445,2.49500674,1.94549267,2.05463674,2.04835040,2.33424627,2.16784927,2.39973666,2.41354434,2.47088944,2.40132471,2.42526124,2.38180230,2.18117552,2.28271763,2.44990265,2.46380882,2.29500615,2.17233126,2.40154027,2.43090414,2.38802049,2.33528581,2.31771907,2.45309976,2.42900369,2.37200852
2.50010986,2.38355223,2.24957398,2.58628507,2.63434621,2.62256693,2.58727741,2.51743568,2.53092508,2.37440739,2.49429793,2.44654436,2.45992967,2.48517083,2.45343215,2.40765509,2.54628394,2.56884153,2.60461246,2.30700342,2.48542328,2.58466849,2.30549373,2.54733111,2.54986051,2.48509671,2.54320245,2.33073970,2.33336642,2.38062313,2.23458208,2.15117640,2.18522517,2.43541765,2.40172105,2.51039284,2.44585158,2.50366629,2.34416195,2.34533737,2.46682409,2.54657764,2.48776148,2.49622072,2.41035220,2.47283058,2.54262113,2.25830003,2.45588457,2.44200421,2.55891563,2.41414093,2.43263453,2.43550585,2.31621902,2.47359665,2.46696413,2.51176277,2.46136738,2.46805951
2.37476056,2.32306225,2.43171800,2.54929123,2.62888058,2.60164332,2.53855257,2.32701429,2.26884763,2.33929554,2.49156181,2.45439390,2.49748636,2.48290340,2.55209600,2.43621977,2.22964100,2.35781954,2.48850845,2.39506804,2.49085979,2.57271139,2.42477322,2.48066785,2.47810335,2.57033270,2.49300348,2.50042405,2.43549180,2.59466815,2.45798877,2.40819550,2.55846590,2.48450636,2.53269320,2.27224846,2.46939833,2.37076548,2.37230977,2.34099567,2.47282632,2.56854516,2.55431112,2.48184093,2.22235765,2.32594738,2.39071463,2.41997138,2.54945071,2.39454093,2.40102630,2.50196581,2.48970323,2.56145689,2.47769506,2.55269442,2.41886824,2.44020866,2.37623100,2.51846119
2.52147829,2.42975960,2.51597473,2.50179259,2.45488300,2.54415029,2.52341212,2.37452634,2.33853033,2.38735209,2.32661342,2.27747834,2.30581592,2.46318710,2.49442600,2.41790344,2.52131917,2.49077200,2.42607826,2.47426530,2.45033594,2.50382438,2.35542915,2.39714888,2.30859269,2.40025062,2.39138967,2.30410447,2.26094415,2.18454403,2.28639913,2.31221340,2.51886778,2.51240327,2.33170593,2.19169133,2.42693998,2.29714490,2.54989526,2.49033566,2.35629622,1.98008039,1.91755489,2.39424037,2.43371688,2.47719553,2.50845570,2.23121836,2.19961533,2.31479952,2.54142481,2.47424950,2.43349028,2.26253104,2.26355170,2.40571584,2.50137270,2.47760712,2.44697800,2.19971909
2.37124371,2.41264416,2.38693026,2.26507549,2.45376709,2.44096477,2.22066825,2.17729107,2.33073663,2.29674385,2.31215552,2.39255323,2.24483068,2.33935419,2.41679665,2.38279039,2.42486170,2.44904290,2.45721339,2.31760459,2.22341548,2.18640824,2.20438122,2.29853949,2.25499686,2.34889980,2.41935551,2.39707870,2.36209696,2.40890727,2.37788761,2.35280152,2.33334939,2.29849668,2.32831623,2.31254075,2.23377852,2.35638799,2.47557365,2.36294451,2.27033598,2.06108351,2.18613998,2.21460250,2.31436025,2.36001308,2.35596000,1.88015695,2.08402582,1.99003153,2.38367394,2.21998345,2.12565064,2.28679304,2.23391397,2.18808776,2.10291393,2.29989157,2.27419700,2.23914771
2.12082356,1.98329682,2.00866842,2.02668163,2.43427441,2.41748914,2.39312656,2.16429726,2.15209670,2.26225000,2.28689850,2.36937693,2.34936447,2.33185756,2.34093394,2.33427736,2.45603445,2.45250114,2.43991512,2.30642442,2.39688572,2.33200055,2.32957568,2.38116439,2.45325863,2.45718254,2.40158127,2.31953153,2.39733830,2.36162455,2.31778263,2.10085182,2.29002137,2.40757192,2.35398319,2.39295972,2.44626613,2.36707766,2.46495326,2.41435451,2.37104767,2.35496491,2.28506172,2.30172745,2.28539363,2.24563287,2.12937648,2.09577196,2.28914065,2.33111146,2.39651028,2.24011602,2.09759347,2.20023965,2.24025053,2.03461863,2.08530967,2.17386561,2.34517900,2.33044126
2.38399755,2.47198671,2.48322629,2.49552979,2.39965811,2.25760757,2.52980414,2.47765266,2.29971328,2.40250314,2.42342401,2.30835678,2.22662731,2.29389772,2.33333445,2.45859846,2.36617815,2.36655951,2.43752759,2.50995621,2.39264375,2.33003233,2.35544758,2.22543882,2.05603084,2.37508869,2.42100058,2.40640942,2.15098653,2.27134773,2.36355136,2.42947641,2.30826239,2.43880550,2.47431231,2.39814715,1.98411010,2.22994344,2.46975517,2.48754816,2.32033937,2.22965840,2.25321798,1.77263864,1.78283833,2.18878469,2.24227826,2.22291756,2.40899086,2.38885504,2.45804781,2.37130583,2.28122748,2.25388236,2.13688153,2.34798794,2.01750475,2.31995646,2.20049683,2.22085920
2.62560137,2.56296006,2.36668458,2.48534821,2.48610843,2.48889563,2.51079888,2.33901736,2.21013667,2.03218406,2.15267671,2.60432101,2.58378557,2.59342109,2.26695056,2.40940060,2.44003497,2.23036982,2.53373071,2.59022872,2.54308011,2.44100471,2.37464496,2.52356465,2.44845782,2.44546801,2.37436522,2.44343613,2.36009127,2.22709947,2.33561618,2.50881496,2.33345295,2.29532104,2.45273545,2.48438832,2.30246426,2.41654028,2.51488279,2.35393731,2.19846265,2.03739472,2.29570424,2.27305443,2.29611920,1.98441097,2.48012934,2.40559249,2.37199841,2.33352109,2.44212261,2.41718105,2.32658610,2.29184491,2.29041182,2.30819990,2.50506504,2.49997410,2.37471918,2.56008941
2.40101185,2.32623196,2.36152192,2.30732226,2.37540165,2.38628896,2.17176277,2.13912654,2.34074018,2.30775854,2.46841134,2.44733990,2.40083803,2.33987474,2.33263110,2.33552759,2.43890108,2.48577475,2.32418645,2.30810628,2.22489177,2.30824757,2.39500033,2.38360757,2.37991325,2.36853646,2.27668517,2.42799819,2.26262395,2.33990717,2.30007818,2.47195041,2.38839306,2.30744210,2.25350190,2.18446583,2.06981660,2.18691380,2.22464763,2.36786999,2.35247211,2.33398545,2.34850683,2.44153048,2.39338177,2.22242761,2.36179955,2.35407476,2.39585177,2.42887564,2.32407100,2.25582717,2.13447072,2.38157723,2.41624383,2.41143662,2.37305175,2.36495035,2.36107986,2.45184035
2.55658650,2.49390764,2.26056013,2.39226896,2.43873592,2.51467263,2.38706318,2.46162751,2.38540498,2.17538496,2.33966142,2.52203490,2.42326955,2.53476754,2.33686045,2.24898343,2.32780993,2.14888506,2.53731059,2.54660134,2.36782339,2.30194754,2.42713040,2.43423139,2.47822912,2.48271860,2.50861701,2.40323816,2.35577447,2.32189016,2.28699080,2.34831583,2.26916992,2.03526962,2.12669412,2.48505649,2.51886323,2.38027525,2.26684293,2.42937376,2.36369720,2.40652346,2.42594087,2.48129851,2.45791325,2.19963674,2.35391696,2.31237642,2.47079736,2.42682498,2.47128745,2.41798881,2.37620212,2.38299560,2.35583018,2.41700085,2.47968250,2.44912327,2.44527528,2.43325832
2.57182784,2.57182035,2.50891145,2.56703834,2.56828413,2.55777829,2.56319805,2.38819207,2.33335482,2.44603496,2.52260457,2.54843442,2.53001628,2.50149236,2.52718416,2.47423251,2.53104041,2.53955819,2.47960879,2.54043636,2.51343371,2.42195844,2.39639830,2.47909193,2.39870384,2.38415660,2.31469089,2.50124676,2.52729656,2.49481938,2.20545032,2.26300649,2.36083937,2.48684608,2.45677512,2.28588529,2.14398908,2.19162875,2.32753485,2.48584834,2.42782961,2.37223940,2.40798749,2.47853453,2.44432524,2.29071188,2.49602251,2.45148753,2.45389714,2.43759326,2.36932431,2.45697742,2.26934389,2.25313437,2.49725507,2.48987297,2.45674230,2.27113875,2.28815848,2.48248187
2.46100555,2.44731591,2.34590112,2.14460687,2.21684626,2.45529344,2.26235233,2.16757128,2.22488312,2.36953672,2.33649168,2.43404511,2.46945928,2.42858077,2.34106185,2.39784851,2.36784534,2.35456230,2.47141267,2.47603836,2.38033737,2.35686277,2.45657363,2.37754687,2.38400159,2.22250313,2.30730789,2.37625104,2.40925640,2.44016838,2.43054742,2.44180764,2.42296018,2.23122897,2.22608483,2.39939656,2.40312327,2.38018395,2.17022509,2.37536892,2.44134205,2.47646682,2.41449966,2.41527181,2.44816018,2.25869675,2.31390853,2.37204462,2.27321614,2.24743040,2.38717101,2.37418270,2.41341222,2.45947213,2.22581525,2.34892592,2.36894296,2.40458244,2.32049356,2.41671604
2.51518606,2.49455447,2.33608775,2.20292118,2.22500220,2.44981997,2.49261340,2.44019278,2.31972949,2.48280972,2.40986150,2.43435404,2.43430494,2.44960908,2.43862042,2.44977784,2.47958993,2.39132216,2.53804406,2.51809687,2.36669968,2.43831189,2.35257173,2.44227135,2.42266525,2.37950458,2.32949957,2.40203795,2.39784816,2.42396044,2.51584656,2.38328695,2.17448709,1.88272319,1.81875602,2.39762939,2.32823268,2.33643865,2.37066375,2.37608873,2.50610475,2.53591072,2.49087530,2.11281599,1.85899609,1.63165045,1.72512841,2.44099235,2.28063504,2.34630895,2.39393452,2.23011371,2.41771184,2.43358974,2.15346322,2.18242533,2.33946983,2.37107742,2.36428129,2.48548541
2.54254683,2.43472194,2.26428879,2.14644020,2.11720050,2.32391441,2.44213713,2.37948613,2.30266552,2.29777022,2.48226963,2.54350387,2.53958619,2.51039176,2.20351317,2.32176134,2.38259944,2.31605112,2.54180795,2.55320149,2.54644707,2.34918123,2.49779435,2.43010078,2.41614644,2.38130996,2.36531780,2.46388729,2.39284028,2.36638147,2.38933608,2.41546300,2.45695413,2.29589704,2.39473906,2.41023855,2.48361485,2.46558428,2.37821768,2.46561514,2.47916561,2.51947481,2.14014861,2.33556760,2.34505256,2.17213795,2.37930245,2.42474959,2.39756907,2.22731179,2.42538906,2.49109321,2.23630733,2.49594426,2.25253640,2.05329979,2.08740140,2.26657807,2.38147704,2.35245991
2.31534585,2.48288539,2.48781467,2.43379261,2.38658011,2.52099092,2.49337550,2.35861716,2.35804525,2.22574766,2.18958371,2.17753162,2.25353475,2.30861260,2.34720762,2.40327738,2.34386835,2.34604625,2.43343189,2.19267574,2.27832832,2.27329463,2.42341413,2.37060102,2.23443700,2.16326612,2.33039051,2.21341597,2.30014262,2.39087131,2.18879658,2.33752273,2.23226244,2.47625806,2.41098748,2.40125386,2.38652697,2.40370305,2.31860319,2.33820021,2.42791353,2.42411603,2.36834721,2.29987056,2.12207333,2.13264353,2.31123172,2.36849891,2.46534177,2.42650613,2.37017724,2.29647201,2.31550859,2.33953084,2.18209845,2.47409993,2.36351967,2.17038084,2.24453551,2.29350623
2.48212336,2.40547806,2.41589506,2.45111797,2.56681786,2.39475155,2.39075109,2.25577863,2.35225593,2.61172918,2.54860729,2.44608863,2.21979428,2.31589150,2.43893646,2.37003003,2.54392691,2.44141498,2.51210130,2.43746153,2.47839931,2.53018870,2.55987888,2.59337823,2.24484529,2.40512741,2.59363741,2.51307742,2.44661239,2.43533969,2.52867329,2.32607779,2.32900921,2.53139984,2.58408370,2.58925599,2.58729489,2.57117038,2.51169449,2.51660121,2.18755277,2.07431274,2.16877588,2.47556003,2.36890692,2.54335827,2.55912807,2.56945891,2.34334466,2.39662795,2.55471355,2.41379101,2.54358391,2.22278943,2.28242123,2.39614702,2.48924729,2.53475215,2.51671586,2.54391988
2.38508402,2.28052893,2.27060953,2.29664439,2.25301029,2.43273498,2.32501487,2.15848918,2.18280820,2.41307728,2.38837881,2.17361123,2.16785926,2.39789632,2.40635246,2.13431618,2.25329901,2.32775264,2.29875002,2.28769102,2.20024162,2.31448266,2.27530481,2.32612911,2.17425708,2.28622393,2.12429865,2.25751173,2.24619472,2.10271026,2.39538100,2.28087994,2.36352919,2.22545678,1.90240108,2.16615214,2.24708915,2.25754284,2.26527141,2.20890061,2.16972318,2.29830415,2.21371696,2.13800972,2.30431374,2.24905196,2.23322666,2.35662100,2.35167904,2.29009984,2.14985725,2.29999376,2.11001752,1.86195729,2.15497716,2.33621809,2.34634021,2.35130889,2.28265686,2.30748320
2.28491743,2.40741621,2.42770887,2.38272618,2.51676970,2.49664831,2.38612371,2.18269852,2.47920044,2.55582690,2.55213620,2.54410629,2.33164872,2.29240915,2.29009705,2.35859986,2.50970363,2.47255239,2.49143471,2.37435214,2.43603426,2.43772406,2.40719253,2.44333155,2.32002732,2.30821319,2.45918479,2.45395523,2.31983492,2.43146703,2.38058794,2.38409859,2.38220241,2.28936319,2.46350549,2.37825736,2.31239195,2.24356890,2.46787282,1.92927861,1.93349332,2.26066179,2.22095746,2.35715810,2.13007995,2.45694093,2.49870384,2.38301289,2.34963292,2.28517291,2.36269684,2.26452536,2.34894067,2.40207550,2.34930642,2.42281488,2.44357124,2.47312465,2.44907022,2.35913189
2.46780736,2.38717780,2.37347157,2.53161692,2.53421296,2.51983818,2.40354016,2.35961697,2.47795068,2.55508213,2.56391069,2.47511816,2.23956310,2.40164200,2.41550952,2.49474061,2.41112359,2.50141119,2.55188181,2.39740954,2.46781890,2.47420441,2.42474942,2.49309564,2.29286885,2.58579709,2.49296394,2.44891789,2.37450082,2.51060917,2.52296879,2.47715786,2.46901989,2.31442524,2.17283139,2.33702640,2.39085417,2.33160540,2.24876545,2.36471436,2.27268919,2.56303740,2.39701894,2.29591384,2.55120598,2.45040666,2.47813378,2.32945756,2.54092032,2.45097923,2.41039412,2.36107101,2.20645921,2.37014084,2.54118417,2.58544085,2.39589454,2.43805566,2.50853872,2.46766585
2.44868934,2.38820464,2.34635457,2.25109946,2.38604242,2.36518828,2.43995189,2.39329350,2.45105762,2.52989311,2.53635602,2.46883037,2.42436317,2.44944661,2.35224969,2.36670276,2.48683409,2.38791196,2.45006397,2.40664188,2.41273456,2.49296096,2.51923084,2.44035520,2.42636658,2.46039342,2.49963251,2.52499957,2.49791384,2.54185103,2.50993297,2.44389218,2.33793136,2.51494705,2.54402511,2.48389558,2.52845161,2.42874756,2.47739550,2.45762081,2.23117690,2.52965705,2.44105364,2.34392426,2.41329849,2.46449957,2.40037960,2.36906685,2.50828621,2.44731030,2.36386741,2.33592100,2.31225580,2.46208134,2.49518744,2.43360991,2.37332155,2.42465468,2.48341458,2.49177695
2.48672531,2.37816900,2.43549705,2.48772036,2.50762835,2.44028822,2.54356484,2.49612200,2.48941992,2.54270426,2.56408781,2.52413795,2.46649025,2.46272311,2.44058530,2.42393341,2.45509384,2.47278326,2.47967881,2.44545451,2.36592221,2.52038917,2.44379740,2.48119029,2.37736021,2.41344085,2.50563479,2.38270327,2.33451545,2.36902409,2.21112894,2.18280037,2.17205841,2.27346114,2.24368029,2.27320863,2.34602723,2.39700250,2.49886920,2.35110436,2.37144698,2.54293660,2.48051909,2.39030898,2.45346526,2.40957584,2.50526679,2.42758076,2.54471809,2.46218958,2.46395895,2.32555736,2.32717014,2.52672778,2.54472150,2.43267330,2.20626167,2.49097763,2.34336299,2.32770410
2.49780911,2.36755250,2.51201184,2.57467086,2.59284733,2.47806801,2.44091254,2.52120994,2.58058200,2.61992349,2.58444071,2.57007037,2.29954389,2.34504256,2.24017394,2.43393038,2.53399691,2.51235644,2.49013938,2.52991408,2.57636935,2.51792569,2.55392531,2.54106088,2.48226886,2.44182451,2.50002881,2.43199812,2.43742649,2.50737876,2.43259426,2.31114570,2.25710391,2.36418188,2.50310384,2.44182307,2.12579617,2.35990888,2.50098896,2.43912412,2.40096318,2.58944851,2.58439509,2.44603798,2.36817358,2.33755646,2.41699453,2.53364625,2.49366350,2.54749169,2.35004868,2.33627242,2.49340403,2.58779282,2.58435694,2.43275051,2.43839652,2.38687246,2.51500416,2.50670586
2.29450237,2.49280623,2.48647790,2.31230686,2.14998389,2.21627406,2.29570894,2.49186954,2.48957510,2.52847772,2.41128797,2.34312009,2.48445035,2.25308237,2.34440132,2.38412853,2.49202139,2.45014297,2.30267160,2.50577812,2.45386530,2.46871935,2.37530727,2.45839311,1.86178395,2.36527875,2.47518322,2.41847193,2.28760006,2.43568500,2.50565437,2.35943512,2.20625487,2.18476912,2.43828035,2.37718111,2.44545204,2.36159196,2.46012448,2.53138281,2.40104835,2.53885561,2.47893838,2.02669792,2.07298663,2.38199096,2.53435810,2.52106255,2.53743990,2.53646115,2.16129371,1.95970980,2.09894900,2.54880783,2.54081637,1.98645991,1.99028253,2.35942017,2.46377300,2.47671865
2.54806123,2.46725365,2.34099847,2.59331269,2.62704660,2.62114874,2.56616106,2.46539834,2.56050302,2.50089976,2.50676012,2.20809227,2.27620942,2.62443695,2.62404858,2.58482691,2.44533370,2.44407985,2.55019487,2.45158562,2.55416208,2.48886633,2.43571686,2.56925196,2.58210635,2.48483446,2.50133058,2.51105934,2.52885154,2.53468414,2.55495350,2.43737127,2.46867893,2.56681139,2.57303893,2.52872850,2.56551593,2.54512681,2.49420851,2.41043309,2.45259599,2.55740725,2.55286445,2.32365757,2.28015248,2.39704005,2.21082272,2.49894676,2.58809162,2.56858806,2.51729636,2.27087116,2.52316155,2.60568433,2.60472360,2.43122211,2.29086138,2.48753681,2.36940067,2.60345496
2.37108862,2.31621069,2.24077120,2.37149069,2.47830209,2.47953278,2.38566679,2.24790481,2.21983665,2.27901530,2.21843415,2.11755793,2.15768394,2.14070574,2.10297779,2.11615747,2.02567890,2.10474215,2.14096145,2.21438111,2.39252332,2.43030610,2.29720643,2.16514836,2.17122344,2.37166932,2.28232055,2.34919673,2.42572209,2.47276628,2.47533236,2.31125264,2.39390054,2.45296600,2.45097201,2.39909998,2.28449503,2.35061108,1.75873870,1.68534859,2.32462041,2.39764635,2.38210933,2.10160210,1.90573642,1.91180144,1.97168349,2.34159061,2.41586857,2.38247372,2.13429710,2.11875812,2.32654759,2.38326935,2.44009420,2.36421963,2.12967279,1.84355802,2.15998890,2.27355052
2.22397464,2.41281704,2.40223359,2.40243084,2.33242381,2.22655718,2.30215569,2.32919728,2.38810206,2.42979372,2.28057846,2.32829515,2.31044676,2.32985846,2.33296785,2.39821071,2.35368374,2.28102474,2.25317851,2.10895194,2.23206507,2.21618353,2.20816679,2.23966646,2.32151211,2.32632833,2.40658391,2.35726337,2.20843666,2.38162139,2.35123804,2.32898746,2.33390091,2.21522872,2.23106552,2.17872873,2.37317367,2.34467563,2.14685875,2.18021521,2.33161591,2.37009085,2.31038507,2.38126294,2.25394054,2.33039726,2.26694224,2.15818490,2.39372107,2.20073134,1.76756910,2.10831877,2.35991608,2.45976698,2.34859191,1.96460357,2.16251557,2.32127891,2.37687823,2.39484952
2.38117593,2.46296713,2.44413347,2.60344017,2.51679980,2.51185754,2.57515333,2.48351912,2.45090319,2.36130242,2.45634844,2.38687443,2.39494370,2.47569495,2.54685110,2.36461918,2.51686246,2.59125859,2.51462416,2.40530508,2.44266506,2.42419455,2.23156855,2.44316098,2.47123931,2.44347985,2.47056321,2.30258782,2.57015280,2.61234701,2.61164039,2.31188666,2.57119572,2.61049645,2.57908420,2.35682976,2.47054593,2.50419953,2.52549808,2.36831450,2.31756067,2.57496745,2.55301846,2.47453941,2.43202637,2.30769527,2.27571695,2.23982367,2.52833546,2.33614976,2.27573728,2.14820561,2.30619660,2.54646124,2.44145054,2.35136733,2.26311675,2.43593891,2.40281457,2.54963448
2.23831987,2.38802693,2.30406779,2.24699190,2.18403063,2.39826647,2.38606363,2.04373449,2.06443751,2.04170959,2.26083903,2.46132878,2.41953142,2.37019674,2.28075455,2.39701483,2.25191849,1.93000010,2.41140627,2.45249517,2.39326404,2.36289778,2.37425027,2.22473860,2.20666891,2.27973319,2.25731243,2.43763395,2.39119157,2.40125937,2.37689324,2.42107565,2.44046432,2.41768450,2.44385317,2.41864988,2.42561520,2.44101825,2.29662670,2.36319641,2.38143836,2.42797837,2.27702840,2.35410751,2.25858144,2.37724084,2.32487143,2.42769319,2.39577169,2.24875753,2.35196795,2.24302106,2.38157353,2.45279223,2.38804073,2.33466607,2.23997694,1.73697072,2.10567321,2.31916813
2.53686425,2.49594450,2.36328026,2.33448333,2.37321774,2.46429911,2.53276985,2.27715351,2.37998462,2.30798049,2.42547508,2.48884921,2.46416896,2.39624171,2.46679334,2.40210081,2.31060787,2.21837057,2.50518393,2.51699826,2.46543273,2.48021955,2.53287152,2.45452743,2.51760066,2.47205188,2.33192603,2.42419106,2.51630203,2.53088848,2.53571177,2.54704370,2.46854318,2.44531100,2.47912686,2.34498863,2.44329081,2.47253937,2.33095337,2.40509868,2.47733508,2.45005765,2.48944191,2.42467235,2.51997483,2.35416170,2.38191665,2.53312502,2.48215011,2.44877609,2.47439623,2.31122600,2.52433414,2.52422667,2.42357929,2.35694883,2.49171505,2.45557179,2.40612590,2.43730916
2.54604473,2.51078886,2.32782478,2.29834103,2.28049760,2.33350794,2.39731368,2.50884499,2.46607694,2.33413341,2.49919532,2.55887270,2.55895649,2.50960004,2.48292553,2.39911540,2.45361263,2.44956850,2.47024829,2.53079126,2.32702307,2.46798312,2.46457146,2.42223193,2.39355531,2.42734172,2.33644910,2.49644113,2.49560889,2.49613806,2.41966721,2.48157709,2.39155160,2.39961917,2.50916777,2.39881531,2.50410952,2.43222186,2.25883491,2.18067431,2.31216545,2.42562150,2.40453750,2.44803616,2.42872374,2.34341317,2.30091332,2.39410883,2.42499218,2.43523295,2.24753639,2.29765362,2.30281580,2.31835608,2.31778533,2.11370598,2.43761939,2.37803761,2.38686508,2.45537012
2.50779809,2.55433336,2.56467701,2.49714546,2.51465916,2.43582440,2.59800782,2.42215774,2.50037475,2.38563108,2.53470812,2.54055804,2.48594617,2.43027673,2.43861080,2.47178782,2.36607777,2.32141359,2.50984903,2.43193807,2.52850378,2.33243254,2.14485893,2.28198393,2.50176284,2.41939768,2.20812952,2.36874447,2.22724969,2.29233152,2.12970436,2.26017919,2.40850685,2.27345709,2.39049643,2.08679062,2.15173858,2.45885009,2.32080734,2.13287084,2.27100467,2.40943977,2.09377387,2.14791923,2.16716180,1.98753615,2.23253323,2.51141078,2.54126747,2.19846417,2.16897366,2.21987850,2.22205971,2.39274091,2.25299947,2.27808432,2.15646875,2.11930155,2.24929540,2.30490270
2.49881535,2.41373013,2.47028763,2.41277576,2.28193939,2.43432165,2.37839715,2.47919519,2.48319835,2.51419781,2.47383230,2.37503070,2.14207066,2.22680383,2.27433591,2.46574353,2.36965988,2.32246221,2.38429518,2.27064254,2.23162295,2.38146212,2.42652762,2.47833660,2.08924862,2.46349826,2.49744953,2.41598670,2.04034929,2.26017379,2.29809633,2.42720073,2.40669259,2.43721051,2.35881383,2.14326797,2.02271759,2.16641698,2.22632434,2.16506051,1.91174627,2.19909882,2.07927676,2.38876441,2.29274291,2.30255380,2.28608948,2.05287279,2.10377017,2.20937941,2.01911913,2.04808429,2.23073497,2.33040563,2.10285152,2.10704943,2.24508460,2.38885582,2.36210028,2.23204255
2.49829425,2.40402995,2.37828949,2.26136566,2.18767558,2.48572587,2.37787354,2.53439152,2.42928608,2.37334171,2.43458253,2.27816021,2.45792139,2.41371662,2.45554979,2.48096963,2.45968299,2.52460371,2.15637271,2.36100555,2.45576089,2.45786567,2.43719260,2.25490718,2.39119830,2.48096449,2.32090317,2.32599336,2.31749679,2.15166743,2.36293526,2.33873584,2.28969883,2.31311184,2.17286293,2.29332757,2.30248144,2.31751984,2.22415746,2.18862608,2.16120908,2.13904343,2.12371033,2.13736671,2.14244672,2.09485963,2.44606969,2.35351113,2.22139358,2.25586733,2.21532552,2.19534834,2.20959319,2.42728799,2.15832058,2.16764073,2.19249944,2.39943151,2.42216259,2.18974501
2.54535490,2.47801197,2.46978627,2.49900255,2.52844373,2.42138774,2.34988763,2.39153336,2.48651413,2.17629249,2.28569774,2.45545713,2.41657817,2.38825115,2.44758424,2.39705183,2.34900327,2.49555261,2.45512812,2.37909233,2.49305942,2.42294169,2.45521273,2.35453827,2.28265485,2.34344671,2.40962471,2.46011318,2.40504616,2.41633542,2.39674011,2.31357069,2.24334664,2.37145971,2.31323708,2.42304447,2.28671737,2.38219773,2.37458089,2.39526413,2.39801595,2.32142206,2.34598972,2.15195804,2.20731502,2.38435316,2.45546462,2.33073679,2.20599408,2.11611821,2.39601377,2.38945761,2.32994967,2.07281031,1.79124988,2.37860277,2.31938665,2.34985291,2.43963259,2.19883379
2.51767995,2.40376258,2.40422285,2.48081915,2.46875776,2.47031238,2.48553408,2.40658656,2.35408890,2.45848536,2.28232060,2.22758358,2.22415523,2.41852334,2.44837548,2.47928355,2.42146057,2.34295030,2.12417384,2.36687807,2.39639745,2.47600105,2.41510400,2.36145066,2.40047642,2.47686659,2.23518180,2.16991874,2.26984234,2.03944677,2.26696438,2.31863988,2.39065922,2.15610792,2.02243023,2.37711599,2.39415487,2.43148089,2.09804316,2.26849574,2.33346790,2.19258019,2.33607304,2.20464480,2.09204242,1.80698320,1.78393299,2.34277334,2.48807692,2.36449610,2.04646542,2.16896545,2.46593725,2.33929550,2.18241891,2.34338124,2.32425227,2.24446818,2.23701363,1.89328703
2.34396384,2.35898349,2.35911136,2.40874614,2.30632212,2.37944887,2.34232120,2.06005270,2.04214924,2.52461232,2.49714194,2.44934738,2.20109114,1.98949973,2.06593734,2.23413236,2.52031046,2.50543336,2.48350429,1.99641858,2.16252835,2.31705894,2.27218321,2.40490458,2.28610150,2.43402710,2.49827972,2.47761272,2.51811922,2.54824139,2.51565864,2.46060893,2.40739549,2.43608445,2.36314246,2.40971150,2.30287471,2.45330522,2.52788046,2.53396138,2.47273258,2.52868254,2.42703502,2.02668725,2.20069256,2.43101737,2.52547246,2.36181158,2.38940526,2.31292771,2.33737029,2.33785199,2.46022234,2.36612157,2.44562877,2.42748642,2.41815445,2.41070000,2.39417282,2.33976746
2.48993343,2.50995119,2.52161179,2.42464347,2.47955491,2.38806601,2.45771799,2.56044308,2.53600096,2.44177377,2.52529338,2.47419631,2.45324892,2.40119611,2.29658682,2.11954905,2.29096901,2.28193125,2.39427816,2.49781342,2.50819336,2.49743928,2.43849424,2.45091634,2.39108155,2.46900987,2.37712911,2.34351156,2.37401717,2.48095412,2.45910636,2.49730334,2.41856623,2.43733844,2.45784171,2.39747278,2.28179438,2.49750419,2.55093948,2.53487463,2.52054090,2.19405850,2.33825565,2.32623152,2.35853295,2.45478948,2.43121370,2.29686436,2.46620582,2.45441586,2.32945544,2.38853874,2.48065027,2.46945523,2.41487909,2.39101316,2.36230710,2.49625394,2.43135983,2.42528927
2.43484102,2.40440663,2.38476515,2.41635188,2.45317352,2.43769655,2.35107712,2.47736135,2.47509156,2.41233126,2.44287260,2.32404814,2.22555870,2.29460430,2.39092257,2.30681287,2.39134050,2.34915156,2.40457390,2.37883144,2.46233956,2.42266848,2.39776522,2.37056410,2.24227841,2.35572908,2.42686140,2.38477165,2.44959143,2.46591887,2.37162254,2.37174202,2.33993696,2.38123326,2.27584180,2.21567077,2.23434586,2.26952793,2.36265263,2.34845491,2.18507094,2.24591651,2.15455714,1.48261773,1.61540701,2.25367398,2.21295759,2.09039434,2.02097104,2.36730402,2.32561380,2.25389364,2.27712471,2.29378106,2.06416274,2.06837393,2.16971206,2.13351021,2.15655753,2.13454669
2.12176523,2.11497808,2.30059819,2.32222920,2.25962666,2.24640225,2.41196311,2.48306316,2.37084322,2.50839909,2.50156362,2.34689923,2.38003573,2.43986262,2.46880266,2.38842377,2.47382428,2.41910305,2.45232538,2.49134198,2.36249425,2.40105886,2.50472503,2.47786723,2.49806694,2.48402523,2.47156025,2.43246598,2.41135609,2.38314699,2.41282606,2.41767043,2.45739503,2.51718346,2.40391113,2.16407252,2.16375029,2.17162663,2.35438991,2.34656305,1.90000457,1.99383220,2.35702311,1.95027252,2.32325770,2.54271301,2.37830643,2.32714827,2.33943941,2.10521087,2.46156688,2.25932797,2.47152169,2.48514107,2.41479965,2.30988570,2.27647187,2.42822174,2.42364505,2.07905967
2.44862927,2.40716786,2.10604207,2.17678292,2.09260113,2.37496086,2.49978758,2.55783889,2.46914999,2.39483284,2.39952031,2.14519524,2.15270102,2.20156622,2.24624262,2.26114806,2.10564873,2.14249206,2.37190097,2.48908993,2.37113903,2.37863239,2.21034618,2.16013523,1.96753604,2.33493601,2.48097669,2.46286552,2.20756717,1.98988912,2.34014419,2.36212572,2.36089482,2.38623823,2.44009233,2.46012169,2.35000373,2.45194954,2.44544833,2.47356779,2.37506407,2.39623883,2.21731895,2.30085482,2.45322389,2.49741018,2.44618156,2.45613011,2.17423511,2.19658028,2.17309019,2.30471820,2.40913235,2.41742325,2.30040724,2.03424606,2.13598577,2.17136954,2.28891463,2.07180783
2.57021072,2.56100978,2.55016163,2.54017691,2.56901306,2.52467779,2.60322091,2.55764272,2.56275227,2.38881180,2.48378314,2.54743663,2.49810886,2.57280378,2.55731482,2.55961298,2.53471092,2.47943001,2.48499675,2.51668335,2.50485600,2.48776571,2.38490459,2.37524329,2.31259093,2.38590480,2.39716176,2.42434357,2.55828504,2.41107017,2.26452353,2.38796579,2.46185677,2.48676147,2.43404018,2.39350188,2.03706282,1.76913869,2.01259932,2.08940897,2.09342305,1.70594412,1.79511206,1.76243490,2.04353835,2.13423766,2.15015212,2.35858538,2.29077801,2.42923289,2.26024949,2.45026702,2.37501729,2.32629077,2.34032072,1.96924948,2.12718491,2.35215682,2.36167065,2.11266384
2.44740041,2.30695179,2.32292314,2.25164546,2.25960262,2.13672802,2.31107815,2.38954442,2.42031945,2.37459634,2.37307837,2.20608798,2.27841237,2.47204160,2.47683094,2.45283044,2.44260586,2.37049893,2.41276956,2.45662994,2.39824349,2.36696403,2.43263313,2.39714114,2.32190589,2.38691312,2.36373732,2.37732129,2.37519227,2.41731741,2.18406287,2.25187862,2.33519789,2.40776820,2.35227795,2.35657112,2.19156478,1.95877077,2.18848585,2.22707250,2.28768165,2.34089443,2.33123451,2.29038186,1.93117684,1.97579282,2.08696134,2.16637778,2.05009517,2.29845220,2.33118231,2.34373464,2.02167844,2.33828354,2.24183135,2.37084403,2.02456738,1.79198202,2.26896367,1.89903360
2.35261772,2.18419324,2.33348664,2.49987236,2.46813364,2.59301139,2.62756097,2.61839230,2.59181824,2.52420559,2.54003077,2.52420247,2.55240988,2.53534557,2.52280599,2.45890925,2.40864573,2.40110114,2.59098727,2.62200225,2.57609075,2.55290677,2.45988341,2.17491981,2.29877612,2.45201661,2.51271710,2.59007970,2.41729787,2.48062041,2.46083156,2.47091329,2.51297654,2.48135242,2.33918139,2.34693287,2.28100008,1.62324385,1.79942311,2.09701480,2.04649018,1.95323585,2.02845164,1.82909796,1.89553162,2.49646261,2.42334535,2.34526940,2.17100953,2.20545969,2.07450581,2.06685029,2.49151224,2.35084465,2.40347516,2.21420223,2.36073540,2.47467516,2.28606535,2.14979971
2.45945243,2.37504138,2.35943943,2.44225038,2.21576643,2.26273828,2.54631992,2.51077364,2.43308009,2.38425732,2.37381603,2.44966264,2.46923580,2.50353619,2.50746620,2.49314133,2.49469229,2.43636660,2.51822833,2.54159712,2.49323752,2.47854092,2.49313326,2.48857448,2.36557962,2.33100811,2.44840975,2.45947106,2.42143457,2.51045307,2.48712724,2.46662735,2.47424631,2.43173340,2.42878545,2.44352520,2.46137994,2.50983783,2.47363502,2.42222462,2.10362551,2.41564190,2.35130636,2.47932464,2.45359810,2.41512997,2.34634212,2.43357236,2.30701256,2.28331167,2.31219553,2.35135130,2.42744423,2.32581958,2.25198765,2.05261155,2.13131529,2.31195483,2.39567040,2.35011778
2.36839340,2.40927991,2.47672510,2.34770566,2.36416912,2.49595344,2.29861036,2.47468215,2.51848536,2.37651189,2.40248130,2.34423151,2.38828357,2.48070620,2.36374511,2.39461909,2.40491852,2.43646596,2.39103532,2.30603423,2.37827254,2.39936533,2.21886355,2.31860160,2.31047602,2.30645133,2.28098612,2.28464466,2.28064715,2.12958246,1.86248339,2.08898906,2.32702967,2.29147049,2.13596727,2.34418065,2.48558153,2.38495091,2.29264656,1.98512349,1.90960859,2.30699832,2.37614008,2.37813985,2.39044439,2.10943284,2.28865569,2.19378996,2.37699661,2.06431889,1.98243937,2.20751928,2.31091233,2.19159574,2.15128680,2.13069035,2.10110966,2.38487481,2.32191105,2.36540479
2.43940925,2.44245982,2.47388626,2.35305069,2.30413056,2.47619401,2.46105836,2.54940749,2.50939910,2.38519989,2.46654927,2.44279079,2.49592988,2.55299726,2.54536600,2.54371477,2.50610354,2.53037230,2.45837033,2.46364551,2.36710029,2.50920093,2.51857953,2.41596394,2.38540292,2.45392989,2.46297300,2.44443906,2.38155878,2.43512706,2.39178173,2.39243424,2.32199095,2.45222859,2.46390284,2.48331656,2.27012795,2.24477871,2.43898725,2.39238903,2.18434781,1.85392058,1.85680569,2.09831659,2.35324263,2.41617267,2.38494959,2.15428525,2.26501058,2.22373162,2.46292716,2.43829539,2.36121693,2.24639117,2.10484941,2.46447560,2.45966806,2.38784915,2.35029182,2.42905415
1.91699389,1.97481906,2.14704338,2.26494820,2.43352054,2.54063494,2.51648119,2.55137075,2.57938776,2.58629375,2.45352114,2.24499152,2.01522000,2.36921052,2.41570702,2.41999550,2.31045235,2.38093282,2.47358431,2.46324472,2.53390538,2.50306907,2.27801105,2.16329455,2.17336576,2.46772490,2.34371295,2.44489916,2.41493753,2.21622770,2.44286183,2.54999939,2.54750902,2.35964090,2.28825762,2.44389742,2.42490316,2.37077082,2.12867105,1.72085125,1.80825608,2.07197955,2.11167858,2.33838614,2.24592225,2.05000733,2.14348738,2.26590523,2.14146283,2.01910458,2.25652509,2.39406196,2.51420744,2.14790822,2.17083339,2.36401387,2.22668224,2.30617588,2.42980447,2.44631066
2.38441537,2.55691321,2.55277116,2.48462783,2.26311755,2.33693404,2.15792825,2.05609232,2.35041524,2.40734038,2.19335265,2.11896885,2.32864449,2.54249220,2.51493734,2.51721653,2.32995254,2.40412846,2.47919247,2.33660266,2.50674649,2.47171692,2.40369137,2.48724876,2.37962192,2.48918110,2.51206922,2.50982825,2.43545808,2.47265796,2.47331610,2.34582733,2.45229001,2.42524163,2.38033041,2.44919486,2.44213324,2.26581625,2.19397915,2.39625466,2.25996136,2.33581737,2.23288257,2.20998833,2.35259208,2.36529309,2.35534437,2.10269869,2.39693424,2.31569495,2.18091523,2.36180290,2.34483446,2.31497325,2.17494913,2.22757139,2.42572509,2.20036180,2.05308172,2.35929558
2.39256617,2.40284468,2.44435429,2.36729431,2.24834428,2.40879182,2.33553479,2.29908465,2.42529847,2.30166196,2.27356421,2.36894721,2.31411551,2.37412887,2.35299987,2.42521353,2.23180821,2.35051607,2.41552682,2.41706621,2.37895181,2.36799135,2.27160035,2.29569804,2.33296988,2.32868824,2.40143183,2.41689775,2.31843100,2.21698520,2.22486580,2.19598528,2.32418591,2.39879586,2.41544033,2.41077612,2.36785323,2.23910114,2.33397869,2.30166645,2.24025684,2.37089366,2.35151219,2.28818561,2.28589571,2.37239707,2.10129259,2.26707655,2.30065368,2.11414785,2.18009685,2.37766895,2.29966407,2.09229910,2.34288427,2.31418011,2.37398924,2.22917147,2.33882400,2.27716846
2.59595605,2.45777726,2.48707875,2.52645424,2.35401253,2.44607110,2.52453434,2.53979459,2.60502574,2.57352786,2.50552415,2.50835711,2.53201610,2.59910885,2.59504171,2.50846839,2.48206928,2.46278681,2.51886764,2.49732411,2.58249744,2.55999021,2.50121635,2.46454534,2.39189812,2.47856951,2.54717931,2.46806297,2.42706621,2.56932654,2.45398041,2.35897959,2.41143983,2.45120592,2.34272247,2.28763536,2.35948622,2.51382199,2.52306992,2.41500662,2.51582921,2.50523033,2.47234121,2.11517623,1.97497904,2.08206250,2.13906505,2.46657378,2.38215782,2.36670383,2.43077439,2.37444578,2.41137956,2.52627354,2.52713570,2.55333912,2.58388585,2.43563568,2.39702244,2.55090966
2.55971456,2.53131022,2.55608175,2.51641141,2.47202749,2.47602880,2.41352759,2.28672463,2.23007107,2.36380046,2.42995397,2.27735728,2.37424744,2.42752797,2.36465279,2.34361459,2.48923164,2.44892571,2.30100151,2.37769749,2.54719052,2.55151034,2.46028998,2.33048077,2.27095705,2.35659910,2.41797559,2.43591974,2.37109513,2.31467404,2.36287341,2.21212690,2.19061826,2.42867543,2.26260239,2.28324570,2.12550686,2.37640001,2.33760320,2.25126015,1.81655248,1.88672569,1.93732993,1.51625884,1.80571777,2.25831884,2.30841324,2.36106217,2.16800332,2.43425133,2.33733350,2.41371383,2.34601190,2.42371577,2.22645763,2.15172448,2.20642049,2.27441267,2.06744072,2.31299743
2.38802121,2.45399046,2.47763166,2.43498373,2.24818891,2.44131611,2.44238664,2.28916135,2.37046828,2.30407721,2.41319977,2.40052227,2.36722620,2.39211346,2.38571291,2.43217348,2.34614223,2.31043679,2.32795767,2.32752520,2.45354579,2.43687239,2.43695527,2.25454148,2.17075269,2.44023142,2.41933958,2.37820527,2.34790600,2.35049715,2.36959221,2.43262593,2.34968931,2.38220257,2.28480991,2.20845574,2.03523372,2.26722230,2.36420038,2.28863057,2.13328134,2.16179457,2.41279291,2.42944497,2.23349993,2.28566119,2.31635839,2.29354168,2.26113720,2.31904803,2.28922270,2.27710367,2.29990836,2.38597904,2.24639623,2.32228044,2.35801755,2.42221616,2.28380019,2.28432383
2.51006004,2.41997312,2.53515786,2.47970578,2.50320724,2.45183833,2.33363640,2.22523357,2.35486985,2.54015108,2.47820399,2.36374825,2.54024190,2.50999466,2.48475486,2.52954911,2.48187208,2.52654815,2.53833265,2.43527516,2.52183666,2.53031580,2.50430199,2.43750853,2.42934667,2.57978021,2.58909137,2.54806313,2.48343929,2.39623775,2.44631220,2.46121684,2.45368788,2.56645700,2.55922551,2.50093251,2.46520557,2.57803549,2.58227814,2.46135719,2.21323702,2.23591157,2.34320936,2.50180900,2.54125110,2.41795842,2.43107054,2.21457271,1.99373139,2.13810216,2.40535241,2.43883317,2.39341388,2.37690192,2.46580906,2.43911203,2.40457908,2.26648146,2.20033949,2.45460502
2.46844930,2.46026294,2.42128725,2.34997164,2.26989195,2.29598808,2.30311907,2.36431562,2.43925081,2.42568576,2.40936045,2.34252178,2.37704170,2.29045050,2.40748889,2.39216544,2.33805489,2.34424100,2.28830199,2.22346601,2.24953969,2.40577380,2.43899388,2.26861036,2.37755135,2.38428132,2.37190780,2.39091228,2.40545919,2.36367339,2.36685402,2.39320410,2.31535228,2.34058360,2.33330454,2.34484943,2.30157134,2.14629530,2.24236107,2.25858035,2.25762801,2.30004743,2.17225014,2.35046504,2.22679852,2.33909944,2.33934333,2.21877192,2.08088837,2.25623658,2.35431736,2.26800578,2.18073092,2.35178443,2.34295795,2.39403060,2.22882204,2.28182695,2.31378957,2.23958107
2.59316016,2.57658357,2.59200460,2.58337478,2.48555964,2.51605185,2.52829296,2.54870991,2.51010126,2.43442302,2.61453002,2.58925254,2.47667855,2.40145603,2.37250998,2.44515312,2.38859499,2.51785710,2.48335792,2.51345464,2.55269938,2.61426291,2.46119972,2.30436189,2.29167228,2.42564133,2.42111774,2.31717327,2.35140606,2.32105797,2.48912744,2.35129900,2.44691264,2.51662200,2.43792326,2.32607287,2.36941867,2.38613408,2.47261980,2.38421003,2.30973969,2.39436932,2.51236569,2.30007864,1.97918568,2.30224642,2.48522096,2.43623207,2.41437185,2.46091013,2.25541384,2.20299435,2.23169312,2.43932122,2.27231858,2.31321630,2.05911696,2.04435537,2.32110565,2.45010000
2.50429223,2.39752282,2.33315575,2.41802938,2.15854402,2.32905005,2.55004623,2.49665834,2.33341746,2.28885753,2.31806141,2.27782890,2.43173860,2.22196929,2.09315625,2.20484715,2.44154886,2.34695944,2.48148923,2.51594637,2.43083988,2.28384855,2.35312893,2.35322587,2.22634736,2.40748785,2.49481524,2.45474420,2.49697310,2.47989857,2.32711090,2.37760567,2.28258823,2.39167996,2.33594740,2.44605365,2.34617720,2.25004334,2.13300277,2.26896518,2.38941095,2.27632383,2.37708625,2.48834622,2.38861508,2.36677658,2.37251368,2.29729661,2.23547697,2.30899793,2.30545010,2.35418570,2.40980760,1.97152140,2.04627644,2.07705414,2.15698024,2.35807415,2.44368927,2.36355870
2.38857093,2.32234505,2.36976596,2.19173158,2.47075126,2.35353512,2.41873488,2.49600683,2.53265042,2.38887295,2.43164481,2.19470019,2.30956858,2.49811247,2.44408062,2.43976019,2.44596337,2.45656325,2.49325057,2.50355805,2.52731346,2.50157746,2.34508367,2.37693077,2.34247300,2.40748838,2.22755545,2.30176809,2.44602643,2.27235927,2.27417804,2.49107824,2.41808643,2.20683383,2.15025514,2.21383758,1.96010296,2.21656574,2.21663672,2.31341303,2.29150601,2.47414860,2.47956155,2.40841891,2.24410723,2.00138899,2.12173688,2.29073764,2.33601097,2.43135115,2.25688154,2.37277132,2.07070288,2.02598088,2.19064290,2.07421427,2.13499147,2.02053048,2.08929179,2.28647264
2.47150615,2.21049210,2.35519472,2.37652070,2.31096044,2.45871719,2.42087148,2.43746633,2.43046371,2.23883578,2.25189692,2.23781429,2.36819989,2.44863446,2.47535278,2.42846573,2.46985658,2.46381859,2.39560720,2.45882606,2.40720585,2.41104199,2.47011636,2.44486556,2.30799431,2.37700581,2.43766513,2.43035155,2.37962896,2.36936531,2.24055053,2.33031148,2.30628051,2.26446265,2.44059056,2.39596125,2.20918541,2.37877838,2.40945949,2.30216317,2.29534220,2.31931186,2.37885616,2.38306048,2.43975778,2.27183124,2.24283501,2.32839274,2.11409949,2.38088403,2.29788851,2.25683539,1.88739120,2.38056508,2.35117532,2.37104422,2.36517973,2.41187140,2.32414035,2.21603644
2.41033214,2.44852357,2.35541068,2.54648887,2.59336636,2.62817699,2.68515616,2.68620224,2.63345395,2.44928600,2.44138285,2.51106961,2.54520813,2.54722497,2.47100985,2.48401566,2.39533343,2.31021159,2.60437175,2.60426679,2.60920895,2.38326873,2.21651700,2.20106734,2.20025666,2.26291665,2.39221030,2.42967910,2.51964241,2.41818764,2.52293150,2.24003154,2.24095977,2.41939514,2.39220079,2.42424674,2.50747084,2.45743208,2.42742342,2.42887570,1.99301785,1.95707658,1.83893607,2.24107793,2.47506639,2.56906887,2.56222861,2.46367766,2.00492639,2.16789419,2.33824874,2.39490851,2.52297284,2.20420865,2.33258612,2.57161018,2.48191325,2.59854329,2.45162557,2.34523683
2.33831798,2.35532764,2.28496541,2.36234314,2.20585925,2.33886498,2.47339947,2.44243506,2.38129477,2.11677211,2.32554220,2.25123987,2.31899920,2.46411406,2.47861451,2.45894690,2.46362911,2.44473359,2.39600043,2.45968271,2.41338183,2.31952456,2.47465010,2.41172287,2.13419830,2.35767299,2.36138150,2.28946638,2.44726214,2.46391304,2.46068832,2.41678712,2.39901459,2.35594051,2.30872767,2.28089607,2.28591292,2.26760219,2.32425201,2.32582393,2.31580682,2.38684932,2.25048088,2.36676615,2.42923767,2.07751184,2.09672023,2.19709908,2.39344163,2.29633125,2.34943552,2.44060860,2.04626973,2.24372176,2.37880038,2.41856218,2.41836105,2.22145904,2.15193413,2.34627629
2.44778562,2.42380437,2.47379464,2.30405334,2.36748048,2.49862898,2.43526602,2.47435311,2.36575230,2.51025235,2.41975787,2.45355772,2.36909333,2.48793155,2.49182496,2.40113562,2.46435838,2.42408409,2.34108100,2.46272495,2.46409311,2.37613859,2.37078344,2.37767352,2.19988790,2.33241817,2.35669319,2.36673756,2.38351447,2.39467889,2.34340513,2.26428883,2.25197366,2.27718790,2.30985724,2.43473417,2.29844710,2.35319391,2.43262811,2.37017963,2.31813203,2.35619926,2.44792025,2.29909228,2.27366781,2.34192610,2.27479855,2.35172534,2.09226843,2.27477184,2.22773170,2.31578817,2.45737243,2.30853089,2.22932638,2.15855970,2.17152296,2.18490929,2.13686314,2.32164359
2.22614347,2.39504781,2.50503258,2.38170315,2.40883077,2.48954707,2.52214797,2.42696384,2.42476262,2.27766953,2.44054344,2.43370786,2.43917002,2.52242065,2.54767258,2.53382961,2.51956559,2.46467554,2.45285693,2.54210528,2.43700009,2.52702093,2.46061696,2.42883382,2.31002090,2.50182134,2.52985381,2.51709027,2.40971407,2.44473829,2.32814275,2.47586994,2.40283543,2.30944606,2.38913022,2.45777224,2.45791872,2.49747825,2.35339410,2.36300515,2.34453983,2.51448299,2.34397406,2.45652305,2.47525805,2.40546760,2.39677432,2.44192597,2.37589212,2.20282299,1.92762777,2.21684549,2.45483796,2.33387477,2.46343749,2.53360256,2.46824645,2.49015097,2.50235693,2.46353637
2.42572531,2.45183864,2.45493134,2.54007978,2.29922922,2.49163899,2.47066600,2.42569946,2.40777161,2.30918403,2.35789350,2.22475848,2.23851710,2.20170562,2.15856284,2.41587458,2.39489184,2.05154029,2.37184982,2.47854791,2.50663280,2.24774840,2.03305845,1.97185985,2.20986989,2.41322959,2.36104010,2.39849932,2.13018843,2.19656652,2.23220997,2.39510241,2.49701787,2.17918917,1.86501266,2.06766001,2.26543420,2.12473924,2.28671291,2.15193828,2.19448831,2.43162129,2.34408128,2.46896279,2.35970470,2.01372587,2.12568865,2.32178140,2.42696977,2.45076452,2.08649227,1.94885771,2.35778981,2.33757081,2.15726088,2.39189003,2.35367502,2.18998237,2.33007691,2.10761935
2.50726479,2.56452926,2.53242412,2.50998404,2.32271308,2.35967366,2.50285046,2.47942308,2.30608847,2.34260274,2.04348802,2.10619721,2.30773973,2.62838948,2.58232896,2.56868660,2.32950185,2.33436015,2.24542265,2.24348565,2.61166364,2.62288381,2.59474353,2.28570929,2.17156537,2.48377141,2.49341426,2.24451332,2.52640021,2.55606713,2.53059411,2.40874996,2.48916947,2.60908066,2.56496237,2.45056076,2.41747867,2.18859389,2.33574329,2.34684420,2.47356642,2.40077477,2.43562875,2.40160541,2.40348523,2.47112727,2.45629158,2.57062164,2.42513994,2.38548799,2.44489033,2.49811125,2.54882777,2.51837443,2.31714755,2.25964587,2.44112145,2.54377818,2.45299913,2.43429557
2.43745017,2.53300683,2.47471820,2.30771157,2.21554807,2.43788099,2.36211670,2.32453049,2.02813217,2.17123675,2.32250085,2.44468980,2.49624753,2.48030993,2.50778319,2.42856894,2.39149293,2.42685061,2.44002767,2.45652317,2.48471209,2.41927178,2.21704121,2.10648770,2.25867822,2.43849550,2.43329445,2.39405394,2.24776327,2.01841083,2.28072471,2.23372847,2.49262653,2.44962186,2.37656660,2.39217989,2.20161582,2.04938416,2.23240095,2.33276416,2.25995651,2.28986585,2.24485115,1.79262362,2.00702711,2.22387299,2.19269393,2.27757367,2.33269741,2.35113224,1.97481167,2.09847203,2.30776764,2.14648997,2.26908210,2.36528278,2.31136253,1.96531379,1.95858459,2.34557406
2.41911795,2.53319051,2.52016277,2.40875317,2.49127951,2.39100020,2.35649227,2.44382942,2.52688779,2.37629130,2.40908070,2.46606344,2.41825307,2.50735881,2.54498879,2.52811775,2.34321394,2.43666922,2.33972425,2.50442256,2.39250344,2.51882585,2.45354004,2.44036682,2.40153548,2.47898338,2.47295593,2.39742654,2.49595772,2.47809193,2.40174056,2.27611684,2.28398658,2.49001301,2.47194979,2.32690596,2.24715896,2.39017563,2.40632130,2.38549323,2.49394238,2.48839177,2.44297515,2.26268902,2.21217244,2.02937698,2.05408883,2.27055083,2.36187318,2.44063119,2.44375328,2.38534470,2.08931114,2.38407852,2.43258761,2.28328895,2.06192854,2.37365629,2.37179103,2.52268798
2.39048671,2.43481701,2.40214778,2.36016950,2.41641269,2.48508299,2.45730706,2.48768956,2.45059777,2.41807031,2.39045157,2.19301418,2.27439217,2.41173805,2.30103760,2.35467741,2.40725876,2.47808188,2.28559505,2.07842002,2.46879108,2.49874940,2.49812886,2.16688363,2.22491301,2.22243272,2.29692224,2.40932623,2.35512168,2.34461754,2.33562311,2.28036206,2.18135730,2.24845795,2.28873608,2.24729797,2.41799664,2.01765651,2.26946772,2.43425258,2.30388743,2.37335409,2.36824789,2.27993459,2.35860521,2.42301926,2.22977505,1.98046716,2.25292511,2.21888010,2.40671985,2.41855711,2.42922793,2.40733592,2.32649567,2.22502089,2.39970463,2.43309214,2.31777534,2.40001776
2.44593367,2.46008667,2.46836492,2.31306738,2.32085559,2.48653609,2.51140522,2.48792038,2.25473701,2.40679922,2.35876141,2.50941053,2.48173556,2.46311758,2.33109720,2.27602962,2.28965748,2.25364785,2.53805577,2.55554912,2.48604585,2.37291961,2.40126543,2.39688045,2.49206678,2.46788399,2.44234422,2.50047591,2.42568796,2.37538041,2.45498045,2.37650349,2.47613322,2.43100435,2.36972222,2.43475324,2.41530006,2.44572367,2.40951960,2.43654226,2.11408545,2.14876923,2.32332587,2.52559887,2.41302274,2.17519004,2.46766986,2.37082570,2.10937928,2.29929647,2.50192284,2.49336008,2.33126137,2.42071380,2.42475707,2.45148015,2.38957997,2.43297930,2.36990512,2.49921162
2.45468842,2.51220013,2.44713833,2.32274359,2.25841651,2.47616553,2.46019273,2.45865055,2.37084737,2.40347673,2.35860050,2.50310454,2.53512015,2.40127429,2.34573482,2.32638346,2.39655421,2.37327185,2.39985852,2.44805915,2.51948157,2.38988991,2.35029707,2.41838363,2.41040411,2.38110921,2.19608099,2.35864612,2.20958976,2.32604807,2.23606318,2.37306543,2.37120903,2.17118951,2.41214521,2.33731016,2.19066703,2.18266847,2.16876134,2.27330240,2.36644697,2.20410011,1.85595327,2.08597409,1.88062874,1.84775800,2.06878518,2.02993109,2.25065624,2.28353557,2.33261892,2.31909180,2.33342735,2.36244177,2.33217351,2.22443630,2.39503057,2.39334226,2.11724375,2.24078622
2.41711613,2.46628383,2.53455231,2.43538716,2.43480171,2.42489901,2.39204395,2.32087640,2.44613161,2.51334481,2.44849778,2.36848016,2.45717789,2.49102932,2.50323121,2.49405143,2.41107122,2.43512264,2.40916819,2.47924660,2.26947132,2.33043639,2.51484746,2.46654092,2.48713928,2.41566577,2.38525226,2.48058678,2.51651749,2.52116707,2.35113129,2.42992097,2.36656823,2.13181137,2.22746862,2.44027673,2.38250341,2.37866081,2.32787629,2.33479763,2.51704611,2.45662464,2.46044720,2.38370609,2.40925322,2.45381830,2.40312332,2.39404294,2.37589029,2.12447744,2.12810601,2.31158417,2.46571532,2.41720709,2.35504073,2.45050326,2.20477005,1.87253162,2.11466130,2.44912841
2.63913852,2.66525549,2.61119082,2.65945529,2.74373092,2.65027254,2.72093745,2.60554728,2.62123233,2.64776662,2.63331739,2.69667902,2.67676712,2.70668793,2.74218787,2.62484134,2.70429039,2.48653569,2.56927714,2.67086091,2.64349148,2.65151195,2.53225000,2.67774874,2.68382639,2.64088542,2.55348303,2.54625461,2.51599563,2.67295875,2.67236507,2.63865278,2.55476564,2.16542880,2.35521567,2.63511836,2.60410075,2.49777203,2.68401040,2.46313932,2.45571576,2.54390048,2.65768833,2.66770315,2.46622552,2.38785660,2.39337721,2.48576627,2.12443854,2.29949540,2.38055965,2.23294597,2.55786614,2.68516958,2.53692781,2.35177767,2.43161418,2.29460022,2.39859065,2.44901752
2.28189874,2.28263567,2.24431247,2.29837003,2.34537375,2.38280830,2.30836271,2.20002415,2.00872682,2.22800202,2.22267827,2.38290887,2.35582353,2.20037261,2.26661581,2.28844184,2.16377108,2.26079267,2.32010045,2.32495387,2.23218583,2.31774879,2.25904130,2.29234240,2.28789631,2.22839033,2.21039950,2.28264085,2.21534800,2.27448963,2.29453361,2.31157978,2.35861187,2.38854173,2.38639013,2.33560184,2.33974494,2.23320921,2.22574125,2.32735320,2.24774427,2.26743134,2.14218213,1.81125604,2.11830759,2.32066300,1.95424144,2.18945982,1.92198301,1.96180306,2.00504500,2.14995657,2.21869003,2.18079248,2.30915442,2.18338808,2.27129052,2.34256540,2.32508082,2.32485457
2.54462964,2.46556841,2.52171785,2.55003180,2.62201537,2.56484944,2.59434717,2.34431124,2.35647964,2.26713525,2.40747988,2.55698411,2.51013115,2.41730136,2.45018753,2.44186957,2.54233479,2.50656334,2.44098769,2.45356039,2.54787736,2.49274392,2.37529704,2.53833308,2.58613795,2.55671217,2.26587704,2.22834971,2.56472319,2.52806786,2.44874910,2.40082563,2.62804044,2.62937060,2.61302325,2.39683479,2.30975309,2.38002668,2.25839122,1.98381723,2.28434171,2.40305498,2.24709725,2.33553118,2.13094939,2.22837674,2.09993689,2.11513707,2.03761376,2.18660980,1.98819666,2.41430857,2.37477533,2.15510560,2.42033728,2.33363361,2.37289428,2.48434763,2.53033434,2.43082211
2.21365905,2.24152930,2.25654818,2.50298570,2.48876791,2.55327318,2.51972294,2.32206084,2.21515828,2.18324853,2.45981454,2.43907698,2.34629200,2.06711735,2.24563238,2.22724358,2.43931748,2.46556967,2.49773416,2.38552338,2.42262800,2.52163717,2.37492765,2.46612646,2.46968746,2.50808949,2.27610123,2.28195943,2.42087783,2.41516840,2.37796040,2.35277676,2.53142186,2.55330747,2.55370439,2.35257325,2.40232052,2.14070824,2.03781191,2.26462388,2.25072935,2.34465844,2.43626224,2.38009688,2.33196515,2.48118025,2.30445381,2.36009386,2.34394660,2.39808826,2.38794481,2.44823301,2.29068227,2.24663472,2.34417948,2.33064553,2.36502596,2.38043479,2.38824156,2.35264955
2.59491660,2.56920070,2.44561832,2.46745505,2.61764721,2.60487691,2.46219113,2.44093315,2.46328607,2.52042912,2.35504686,2.44236343,2.58357525,2.39359009,2.44532180,2.23802117,2.53276059,2.55994491,2.51218101,2.43885474,2.49699486,2.48263573,2.42751937,2.49905842,2.52661807,2.46769288,2.47075313,2.20524945,2.51128339,2.49111787,2.40041455,2.05626951,2.60409341,2.62630581,2.60523802,2.31846456,2.24138403,2.27362071,2.34255301,2.28966028,2.35605240,2.49866598,2.55812235,2.35977283,2.20922102,2.43852284,2.37591493,2.37082379,2.05838978,2.16057580,2.25892455,1.81484660,2.09730899,2.45083680,2.24698965,2.10222404,2.54699952,2.32806934,2.06745226,2.28949172
2.51690666,2.48950500,2.48011395,2.48458569,2.50881283,2.51985080,2.50715335,2.37257923,2.34665813,2.40880574,2.40519736,2.21921818,2.21944898,2.52576340,2.40984178,2.36368083,2.54409380,2.53611748,2.44789708,2.36931006,2.35407505,2.42020021,2.39104298,2.41315160,2.42714467,2.40038110,2.21696580,2.32199433,2.52406329,2.55087900,2.54275400,2.41851618,2.51816628,2.55206468,2.55485710,2.51551456,2.49159475,2.43252545,2.35747857,2.38961696,2.33943458,2.44941656,2.36186745,2.46205291,2.40780369,2.43868423,2.25250026,2.15552504,2.54129246,2.41076339,2.14500484,2.39338086,2.36803878,2.50618770,2.43402268,2.48371414,2.38105282,2.43108876,2.41334547,2.32324898
2.37804878,2.29103770,2.34198200,2.43141499,2.45293146,2.47519655,2.39842746,2.29551203,2.20481001,2.34217490,2.28929058,2.34669130,2.19126962,2.25520199,2.38942233,2.35597262,2.44827472,2.45215887,2.40461397,2.38898035,2.30616517,2.40127442,2.27831549,2.33484274,2.34793281,2.32488960,2.28531918,2.30797551,2.29000618,2.21128767,2.28619075,2.24615127,2.45153726,2.47976954,2.46596421,2.11397422,2.07402743,2.05481461,1.92792776,1.54597260,1.84635228,2.33936762,2.37231749,1.99002776,1.81977319,1.69806606,1.95073513,2.19311317,2.18506963,2.14425172,2.07186706,2.13297196,2.14931231,2.29107562,2.39367890,2.23108475,2.16961013,2.01770563,1.91517261,1.71823731
2.48538556,2.42374661,2.17215562,2.30758097,2.49491786,2.50497670,2.36573375,2.39560012,2.42880639,2.35973139,2.47675290,2.42597147,2.49059952,2.42646203,2.45338165,2.42137528,2.55309536,2.53344070,2.48348178,2.39926623,2.50582844,2.54365488,2.46412355,2.52926400,2.53221181,2.49119987,2.42826925,2.46813874,2.45360642,2.50025718,2.51346402,2.41297951,2.51737437,2.54313207,2.53860807,2.41190588,2.41368729,2.30631734,2.17323070,2.19167422,2.19910933,2.49281672,2.51409476,2.37839829,2.12783149,2.00542828,2.17058313,2.24954385,2.49275612,2.35632672,1.99832092,2.16245155,2.35327207,2.46970381,2.39126017,2.10219031,2.17770932,2.50585302,2.45256462,2.29823343
2.14085444,2.12933377,2.45995529,2.55652672,2.46962484,2.45233656,2.42952213,2.54448542,2.52322029,2.56391391,2.19565223,2.08228381,2.14541722,2.44091042,2.50106791,2.38912114,2.42638486,2.52717658,2.52950695,2.39987424,2.40635122,2.35001177,2.36190246,2.33095211,2.37356714,2.42244675,2.29929590,2.46874835,2.40314897,2.51411899,2.51908886,2.43379122,2.55725480,2.51268930,2.46057312,2.18867836,2.40596848,2.33056591,2.27556485,2.10447579,2.35371231,2.52084048,2.43340843,2.38596752,2.12287169,2.25193074,2.29953603,2.33739362,2.47960639,2.45461678,2.53278972,2.31111867,2.26348341,2.21683456,2.31491996,2.32032359,2.13091408,2.16791715,2.12988459,2.42065400
2.61823762,2.48393994,2.40504743,2.34094476,2.26022243,2.53285528,2.41029882,2.39146782,2.46874307,2.49107484,2.50206737,2.58811648,2.58049414,2.46668288,2.40586263,2.39899514,2.40064618,2.31394708,2.59525632,2.61365882,2.55053433,2.48969241,2.47485982,2.56829706,2.53743955,2.48962506,2.28781196,2.62449613,2.63603139,2.61456371,2.50466202,2.44728977,2.39433917,2.40970134,2.52722268,2.23074400,2.35548217,2.24214418,2.47325570,2.51301350,2.52695111,2.07955585,2.28626585,2.47569061,2.17821715,1.80501561,2.42931983,2.09665702,2.04830078,2.36205289,2.44421774,2.30801767,2.24635705,2.53215918,2.40081613,2.42261336,2.52417889,2.35378162,2.47919245,2.56285231
2.41137575,2.17635591,2.19288105,2.06791128,2.16404834,2.39043743,2.28751010,2.24261072,2.22778117,2.17621486,2.22847818,2.30711428,2.42462635,2.40386830,2.20241783,2.22916388,2.25185265,2.40675497,2.30582910,2.37601043,2.26362844,2.13056621,2.33888558,2.41806064,2.41197921,2.30614975,2.23976698,2.47005978,2.46310620,2.40871461,2.16710754,2.35822185,2.18604296,2.21911431,2.20215627,2.16178291,2.14389857,2.33494213,2.40497588,2.35062842,2.41783621,2.34061128,2.04318970,2.23577497,1.98816972,1.78404089,2.04526809,2.09069112,2.24328368,2.33430855,2.16711402,2.08449911,2.17173881,2.34516469,2.28013187,2.37444934,2.34762546,2.26140577,2.04300790,1.97451202
2.55035383,2.53990980,2.37484696,2.51526583,2.41733446,2.40640451,2.42342944,2.31881111,2.20339373,2.11292448,2.48332214,2.54681822,2.53968703,2.49365439,2.32448582,2.40142075,2.36867530,2.22956318,2.52759364,2.54166795,2.45254376,2.32325109,2.45754428,2.49699236,2.52141152,2.47932699,2.30779535,2.49573679,2.52222749,2.47492619,2.26844427,2.32231976,2.41929348,2.37412324,2.24380396,2.42101138,2.46923025,2.47033188,2.23150416,2.29474847,2.51403514,2.45435224,2.30481003,2.40790953,2.46568564,2.32296534,2.30870567,2.26376767,2.26475393,2.37067167,2.47597637,2.38037883,2.31043101,2.41181168,2.50699891,2.48211274,2.43950414,2.30543587,2.39354883,2.49765744
2.54205886,2.46771031,2.45071330,2.49301564,2.43177969,2.36120397,2.50916486,2.44244461,2.40916341,2.31118243,2.36528385,2.51196336,2.52834432,2.50427089,2.43568697,2.41613168,2.43652320,2.35346426,2.51292512,2.53491444,2.47145163,2.37662576,2.28853445,2.32651761,2.37738839,2.50622897,2.29424058,2.48037105,2.55762445,2.55347669,2.40009262,2.51152926,2.42971065,2.30646715,2.37741917,2.18439011,2.33846521,2.18856171,2.08423952,2.22242174,2.32159428,2.38906880,2.21191913,2.27107624,2.31950472,2.20153462,2.33606501,2.36000692,2.45937548,2.21121670,2.35174703,2.40079184,2.31087251,2.29624613,2.44590121,2.45128801,2.41358327,2.35280869,2.44264366,2.30605485
2.54007150,2.47702513,2.43964942,2.41236882,2.43953046,2.48077840,2.34967393,2.48616842,2.47587728,2.45539032,2.26148612,2.36078426,2.43739208,2.37971661,2.42131654,2.47261938,2.44990347,2.42303534,2.53882477,2.50553990,2.46309038,2.41501783,2.39478289,2.43447597,2.43393187,2.47173771,2.36109484,2.54297577,2.55403818,2.55279218,2.45066841,2.51882231,2.42492207,2.15850074,2.27010988,2.37744499,2.34819652,2.09667474,1.95044524,2.49020432,2.48463155,2.41224389,2.40790099,2.50432910,2.38563174,2.11209238,2.23946301,2.31112790,2.22953099,2.12698682,2.51143942,2.25722605,2.28999860,2.45889744,2.18045385,2.46652313,2.34429895,2.28955081,2.25881434,2.38937293
2.62565569,2.51961204,2.51859574,2.45395415,2.42147440,2.53467834,2.51806702,2.25658840,2.29158472,2.33427863,2.59773049,2.60792323,2.63354500,2.61110837,2.49323131,2.45729641,2.42898077,2.49495219,2.60259121,2.61168996,2.56632035,2.39386858,2.39762437,2.45047089,2.55791534,2.57978988,2.34360413,2.56234692,2.58723387,2.56711189,2.57755780,2.50348498,2.52806958,2.51272306,2.49931258,2.47482478,2.38822995,2.46822677,2.40104708,2.46394780,2.37878331,2.41462253,2.33267873,2.51676675,2.41619245,2.09843009,2.17106565,2.52996457,2.49282424,2.13145959,2.35318442,2.23033680,2.35832770,2.35755693,2.43659678,2.49325810,2.32926119,2.19308083,2.29350427,2.16260382
2.48205069,2.41704641,2.02050685,2.00922683,2.09729143,2.27276995,2.38770755,2.39836470,2.26208783,2.16366152,2.38334379,2.41398224,2.43019315,2.36131558,2.40994603,2.40864614,2.36066392,2.31098377,2.37651578,2.20822585,2.27298910,2.42048151,2.37132887,2.35587244,2.40429337,2.33649143,2.32959777,2.44334809,2.45892108,2.47108095,2.24879817,2.33851610,2.35695069,2.23088037,2.18286193,2.27796117,2.40133529,2.36222167,2.16368148,2.42943830,2.42127174,2.30335373,2.32744897,2.32146445,2.38088580,2.37219092,2.10812370,2.25655226,2.26779587,2.09593028,2.23124470,2.09043359,2.20410811,2.14235548,2.17680497,2.05181752,2.17156721,2.27434420,2.21739188,2.20088137
2.49769806,2.43372147,2.38937536,2.21142266,2.17157863,2.43098795,2.39977118,2.45726918,2.29976522,2.03305815,2.19096627,2.50467135,2.49125294,2.49746230,2.46983906,2.44893001,2.41795411,2.31331182,2.42748533,2.48634409,2.49793898,2.45963029,2.47463314,2.45749965,2.19993398,2.27352786,2.23614351,2.52413981,2.54813555,2.53561607,2.44784008,2.48743222,2.22272324,2.30079049,2.36850751,2.32605878,2.31370733,2.30462795,2.30328912,2.38525545,2.37749853,2.35621042,2.24478495,2.13892430,2.20505249,2.29314035,2.20513407,2.26080892,2.45526872,2.33185181,2.19983698,2.23276650,2.31164207,2.22237193,2.28747316,2.35193606,2.31796676,2.31772961,2.17874941,2.25236946
2.55333344,2.43839374,2.46644197,2.49785380,2.51754828,2.38484909,2.29253154,2.44881025,2.53833654,2.61845953,2.57319707,2.55234547,2.54881158,2.51195837,2.34769456,2.46096679,2.56814804,2.59195325,2.51842411,2.56651030,2.44491467,2.50578721,2.50025383,2.50776001,2.37539174,2.54227323,2.45517009,2.43476176,2.54134622,2.59043909,2.53513155,2.47220338,2.51658280,2.56495987,2.28760009,2.09804462,2.29900308,2.58633075,2.61437466,2.59684827,2.14552939,2.22791352,2.33589317,2.24180051,2.17528134,2.39680510,2.38522596,2.04421383,1.51411115,1.69175955,2.12739746,2.27575537,2.41099542,2.27004032,2.28988239,1.91010658,2.25063002,2.52273019,2.52175066,2.39206468
2.35594153,2.40664040,2.37651911,2.48512582,2.35537029,2.37068196,2.42928772,2.19271486,2.36276900,2.55008423,2.55385051,2.49215495,2.50896507,2.44353262,2.45706433,2.38420368,2.50199164,2.54058286,2.45682725,2.42494024,2.43195599,2.41301182,2.46108541,2.50793589,2.34941152,2.39190061,2.51225843,2.38351176,2.33608735,2.29116023,2.26345544,2.28204977,2.39435141,2.34140819,2.16507963,2.11580433,2.09082576,2.50848963,2.52627069,2.34057194,2.13790798,2.13727941,2.18978655,2.06420454,2.19554562,2.33916537,2.24489335,1.96665397,2.12633348,2.34714983,2.19072624,2.36953827,2.34658677,2.07420047,2.25827536,2.27188361,2.41341364,2.47511814,2.32516826,2.44302664
2.43500712,2.47351779,2.46066880,2.37471564,2.15349886,2.18170741,2.38885616,2.25904674,2.40954027,2.47979236,2.44862796,2.33829778,2.09974662,2.04675667,2.09479998,2.23001495,2.45769108,2.40854925,2.37900793,2.21732216,2.17968595,2.46584154,2.45786603,2.39642371,2.16595106,2.44392047,2.42924376,2.37890642,2.36787747,2.35342583,2.17896841,2.16569312,2.19718686,2.16960251,2.33583708,2.29032175,2.17625648,2.34666268,2.42936241,2.40394255,2.05183255,2.34693894,2.18421505,2.26990997,2.32389648,2.28821885,2.30779340,2.21259394,2.16879377,2.01883137,2.02926647,2.24358141,2.23017448,2.37077977,2.30580282,2.34395334,2.29998077,2.17386323,2.00303145,2.11166593
2.24291438,2.45970359,2.42955378,2.57462361,2.57827394,2.54249514,2.51543288,2.48354357,2.49592417,2.52409582,2.53275910,2.52700593,2.52579455,2.36643640,2.47514196,2.42172088,2.44175989,2.44086750,2.45599302,2.53495632,2.43760553,2.51275749,2.56960614,2.50693407,2.37771959,2.56225994,2.57023632,2.58219827,2.47263369,2.50056821,2.53675522,2.45225848,2.42119384,2.29375560,2.45105921,2.19931832,2.08053335,2.30979434,2.57704182,2.60636281,2.41898663,2.52334375,2.44408939,2.33386288,2.32884092,2.34517816,2.32723660,2.31473490,2.46428228,2.39967329,2.14342745,1.95818911,2.51776708,2.50583076,2.51442573,2.46445004,2.43784843,2.54166891,2.53035004,2.50063551
2.45099789,2.40048145,2.42482769,2.35137678,2.44629621,2.45328111,2.41758552,2.38317217,2.51276779,2.53427947,2.52918619,2.51553941,2.40032273,2.43947292,2.40986603,2.42055197,2.28865598,2.37870577,2.45331868,2.41613221,2.43759920,2.47806472,2.50424091,2.45955965,2.28185495,2.47526548,2.53549291,2.50450479,2.42210603,2.49716036,2.42737028,2.35756471,2.25734270,2.46074210,2.52586637,2.47580953,2.51779159,2.34917570,2.51692903,2.39367778,2.18366949,2.29633279,2.14470652,2.32679430,2.35538128,2.47001680,2.32314921,2.16627191,2.36648134,2.43049593,2.40150235,2.31241908,2.50800478,2.25710274,2.31871767,2.45949802,2.47113723,2.18442122,2.23433855,2.35976350
2.37284032,2.36620994,2.20727885,2.41919334,2.52712746,2.46784881,2.48645304,2.33824822,2.31921407,2.55912625,2.55735162,2.45455334,2.26702803,2.48884916,2.46862297,2.40116268,2.42170058,2.38247796,2.42089647,2.30905422,2.47480108,2.51823712,2.42132687,2.49080431,2.39394397,2.47850529,2.53792372,2.51497321,2.38295472,2.37815312,2.44346341,2.09899586,2.39405905,2.46275482,2.28072115,2.28644110,1.81863349,2.08638206,2.44814130,2.41942865,2.35311807,2.33390515,2.29453339,2.30270020,2.40675779,2.49896036,2.40171249,2.43500171,2.30817839,2.14512235,2.11974504,2.03723030,2.27441789,2.45915071,2.39609220,2.36695509,2.31414657,2.35239604,2.06215035,2.32263389
2.25547516,2.26241489,2.32241851,2.34189838,2.24934391,2.29984293,2.30516807,2.25791445,2.40054726,2.47426595,2.45838974,2.44879323,2.37468213,2.28097445,2.27402190,2.27902633,2.37201427,2.37131909,2.39104125,2.26778271,2.28288134,2.35974904,2.37855613,2.37594640,2.28565534,2.30904016,2.26883803,2.35126163,2.35454727,2.33129311,2.27800809,2.28466081,2.10879643,2.30779717,2.37015235,2.27298894,2.22376976,2.40838041,2.42771191,2.35476538,2.40953983,2.40495212,2.08772297,2.09230781,2.38199031,2.36993676,2.42602524,2.36243601,2.32900140,2.02787921,2.16715523,2.23011753,2.38203397,2.35622662,2.19839731,2.15040239,2.32623410,2.32493003,2.32028636,2.31891512
2.20421486,2.42741537,2.53723653,2.56517443,2.61301296,2.58923060,2.58229755,2.51293602,2.64666813,2.43045833,2.55637263,2.45519429,2.25914253,2.30485262,2.47345617,2.44346173,2.42920097,2.65764882,2.58886549,2.44888058,2.38534845,2.55065219,2.49844144,2.53549653,2.55110356,2.61853041,2.64713284,2.62726523,2.44699370,2.46227022,2.48209341,2.55393415,2.59629516,2.46333020,2.51360702,2.50980822,2.41497535,2.47719745,2.61529501,2.50837462,2.31156305,2.56849272,2.58325164,2.32390564,2.37056425,2.37843898,2.42749692,2.50232032,2.53454478,2.61295546,2.35700055,2.36433235,2.33303088,2.40333641,2.58024732,2.34021101,2.37732978,2.30842284,2.21531970,2.49239683
2.43664259,2.46395103,2.37903924,2.35775258,2.15240108,2.34483452,2.38009729,2.33521289,2.42483032,2.51508865,2.44188276,2.17365581,2.20391533,2.44253969,2.42926385,2.36326369,2.18573001,2.28734832,2.25454065,2.28681868,2.49563837,2.48423143,2.45748346,2.15975487,1.97412985,2.43711209,2.33930164,2.41408364,2.52727749,2.52392086,2.48566928,2.33940970,2.41344672,2.44470917,2.41239226,2.40828778,2.29039067,2.32061565,2.47481765,2.49958751,2.42217235,2.48165950,2.39703398,2.32955928,2.29582404,2.39293942,2.22314200,2.49163774,2.45659206,2.22162826,1.97502954,2.28471654,2.24142323,2.19930456,2.29646061,2.39000302,2.48605969,2.40895298,2.36109600,2.42035091
2.45940717,2.54457601,2.54097853,2.35556865,2.36799041,2.47386090,2.40311856,2.23758355,2.17176012,2.03685898,2.12980712,2.39685764,2.24619389,2.51548533,2.49212774,2.50600672,2.26500706,2.39820734,2.39957129,2.32471557,2.52229039,2.51286783,2.49078130,2.20322821,2.20882035,2.27826267,2.48281789,2.51925905,2.47494282,2.54863090,2.53896148,2.42451607,2.34055646,2.36694844,2.38102271,2.16898654,2.33114193,2.29301195,2.46017591,2.40158564,2.47366320,2.41106634,2.42584238,2.06859430,2.32563484,2.48602856,2.43086598,2.40403178,2.42061650,2.22509314,2.38003815,2.40421348,2.44671444,2.42505428,2.36831404,2.39043266,2.46135834,2.15882760,2.08110723,2.37373665
2.55640552,2.55083848,2.53753192,2.51882754,2.27537663,2.17635512,1.99694268,2.06149314,2.03873644,2.08544285,1.97393906,2.30497728,2.31292296,2.54783720,2.52942034,2.50920728,2.38240108,2.40219221,2.32404498,2.38508463,2.50825507,2.50658388,2.38183708,2.45114712,2.28446855,2.52418720,2.48919061,2.47692678,2.40201217,2.48444572,2.49066242,2.24898771,2.33078232,2.37010194,2.38438997,2.23736881,2.27565156,2.49904041,2.47064302,2.43902337,2.44027252,2.46456440,2.34637676,2.35803392,2.45245296,2.43493545,2.47248404,2.43441216,2.39414175,2.43967556,2.41793239,2.40642361,2.47704245,2.45708671,2.46745063,2.40395315,2.38122025,2.49758784,2.44633995,2.37210221
2.54649582,2.55872155,2.54817945,2.47859736,2.37638616,2.50250774,2.48839687,2.42454025,2.44675719,2.49777584,2.30393374,2.40340576,2.33265555,2.33467657,2.50004008,2.49209295,2.42184963,2.41479894,2.36441749,2.40396818,2.43206597,2.44404851,2.49392046,2.22120503,2.29685107,2.43846935,2.53159012,2.47597333,2.49181266,2.55891837,2.54515548,2.23887044,2.39363961,2.50287490,2.46003710,2.25312078,2.32536911,2.40275905,2.53709393,2.46581614,2.33763713,2.43606938,2.41427978,2.21838902,2.37685842,2.51374453,2.52865862,2.31812114,2.24158128,2.48121200,2.41856061,2.43849775,2.49744440,2.41542286,2.43095602,2.43723294,2.41719420,2.50819766,2.47383747,2.23144572
2.59734901,2.58459814,2.63569289,2.58977667,2.50638410,2.50565778,2.41096010,2.21307204,2.15488763,2.31868168,2.47054511,2.49131018,2.54626901,2.25137255,2.26564765,2.38833138,2.45689735,2.32066908,2.43262014,2.49234330,2.59479254,2.59229008,2.54018825,2.24333141,2.29880297,2.51691419,2.54307069,2.52933223,2.60648323,2.62415647,2.62359409,2.53460169,2.46698689,2.58082514,2.52428264,2.42652153,2.43525540,2.44371339,2.59231562,2.52109665,2.39653439,2.42712370,2.55177423,2.47737229,2.42635707,2.56174702,2.47397856,2.27856307,2.27940057,2.27198018,2.51413932,2.53845487,2.56667835,2.48805377,2.47358692,2.21336829,2.35675472,2.45170472,2.42184098,2.48413305
2.45500590,2.55548814,2.56016832,2.49810883,2.50949954,2.53371948,2.44028892,2.42083038,2.36210265,2.22562375,2.29863104,2.45792023,2.35002529,2.39342276,2.49274155,2.46468988,2.23058878,2.39914423,2.43684364,2.45315967,2.42317226,2.49247479,2.44823721,2.24248363,2.12215693,2.29647814,2.40409052,2.39399316,2.53347875,2.55405983,2.53869500,2.36359122,2.45118574,2.47584987,2.46937752,2.28658168,2.23803798,2.44894230,2.50808973,2.49575781,2.40855647,2.45984007,2.30308036,2.42427067,2.47056601,2.48282716,2.30734443,1.76956175,1.18369448,1.83260181,2.34848532,2.37105742,2.29404664,2.26266579,2.34945379,1.99315295,2.29679118,2.38535558,2.45036517,2.44545768
2.40927736,2.48134095,2.47524195,2.40905125,2.36882832,2.31959013,2.42721211,2.36506588,2.28385730,2.30930824,2.31529252,2.41583622,2.07183363,2.38323339,2.40954631,2.34150479,2.37130742,2.32138578,2.31899381,2.34628135,2.33092769,2.44476481,2.36046220,2.29408382,2.30065520,2.31246338,2.24029249,2.06018757,2.43622856,2.39033279,2.18902739,2.24580204,2.29431792,2.21175493,1.91896381,2.19416359,2.21515434,2.25623780,2.24059275,2.39563696,2.32711597,2.17962592,2.23994831,2.09581991,2.13521139,2.40231279,2.26414182,2.10295054,2.27861693,2.42428488,2.36085476,2.12123525,2.14492918,2.09583159,2.40184402,2.32501233,2.25879849,2.30812094,2.26479920,2.30702772
2.33842233,2.46922762,2.47539436,2.39265749,2.28294986,2.41070189,2.28560419,2.31187528,2.34841526,2.35059223,2.34032050,2.30730179,2.37848632,2.40133081,2.43944644,2.42900681,2.32027505,2.33632016,2.31118376,2.29606033,2.42418227,2.38694512,2.37397337,2.23642436,2.42736320,2.27618229,2.38837684,2.36427641,2.26564583,2.41281971,2.22607709,2.15124405,2.30992848,2.40191328,2.24745431,2.15921513,2.17396200,2.28836625,2.22272638,2.14097301,2.04332479,2.13762143,2.14733566,1.98795194,2.01859714,2.24779996,2.18784790,2.09229797,2.04603895,2.23975386,2.26597788,2.04914785,2.15108587,2.08554370,2.27877179,2.30825383,2.16462738,2.06789911,2.14698413,2.33943379
2.56421791,2.61856641,2.60963239,2.50091788,2.19944918,2.31126457,2.35727129,2.53964630,2.62800570,2.58839014,2.51527621,2.24499350,2.36040725,2.51340997,2.56435883,2.54810901,2.38902742,2.22122058,2.24706293,2.22124985,2.59329537,2.60326688,2.57881390,2.12988737,2.23554269,2.42881426,2.55813167,2.54871858,2.46596987,2.50308920,2.56909930,2.46863700,2.47309422,2.48896408,2.47823448,2.43399237,2.47978201,2.51467635,2.48640872,2.44009159,2.50799993,2.56370820,2.36182506,2.19266122,2.07103144,2.22915176,2.28257939,2.46432005,2.33280819,2.06798626,2.19347435,2.27928145,2.31787264,2.35387044,2.38108007,2.26179011,2.26311525,2.41658527,2.26958067,1.97192878
2.52536485,2.63145391,2.58658238,2.61752744,2.29180913,2.44878494,2.39489809,2.60803095,2.63381110,2.62618157,2.60202452,2.14026110,2.24458924,2.59609091,2.56194841,2.58530717,2.41529958,2.35725411,2.37683936,2.45714561,2.41431430,2.42207303,2.47968665,2.18899756,2.37475796,2.51320542,2.61977175,2.57850519,2.54714807,2.61811566,2.61518686,2.35906649,2.48654038,2.53165503,2.53097360,2.07352269,2.13818397,2.48220401,2.47629169,2.50202494,2.52060357,2.44970402,2.53741925,2.34878137,2.26652036,2.37171444,2.28190164,2.35083272,2.35212225,2.37794239,2.39555014,2.53401818,2.24840131,2.22790980,2.42523832,2.39331906,2.51410858,2.41551162,2.25686117,2.44433288
2.61851483,2.61299078,2.63438471,2.61708796,2.44340588,2.57520500,2.52986442,2.40844380,2.28857037,2.46161524,2.40777463,2.29428649,2.24644658,2.56809013,2.50141104,2.58513900,2.36775155,2.16154598,2.31314199,2.43560010,2.61822888,2.53327345,2.49375929,2.19842131,2.32081498,2.52694602,2.58235850,2.54240151,2.46084170,2.60071716,2.54833725,2.50362203,2.52369927,2.44226410,2.26673250,2.15963274,2.20369152,2.51677584,2.50627007,2.57479804,2.38829877,2.53079488,2.47573091,2.50645464,2.57499167,2.57858253,2.53555673,2.47584616,2.45064559,2.32331562,2.47470930,2.31719696,2.50228478,2.50761157,2.38637468,2.40966637,2.40429929,2.24915435,2.37318306,2.48298572
2.58921908,2.62093021,2.57503710,2.49667938,2.43953870,2.59203423,2.59862389,2.47953268,2.49030965,2.58152153,2.48483839,2.43056670,2.40790109,2.46218365,2.53789545,2.50227002,2.49000834,2.40303757,2.41435193,2.49153291,2.54272237,2.59249057,2.57283960,2.36019608,2.24247127,2.56659062,2.50805787,2.50695543,2.53063001,2.60623709,2.61838229,2.48841583,2.50616043,2.58962343,2.54760749,2.52961064,2.41975021,2.44297161,2.55451998,2.37659835,2.43816541,2.48191199,2.53277997,2.53275575,2.48505390,2.53868645,2.51513370,2.56446276,2.60809302,2.24034785,2.46126276,2.59726625,2.44967981,2.37211764,2.38262417,2.33425208,2.46760274,2.47075563,2.49456776,2.55620854
2.52178587,2.51400123,2.55303392,2.46865554,2.48675139,2.44081224,2.34441903,2.36475774,2.50905841,2.50134791,2.44984739,2.33586592,2.43234264,2.47427712,2.50641950,2.48509773,2.51532956,2.46487439,2.37263873,2.43868353,2.50237425,2.52463134,2.47507437,2.27013034,2.42992475,2.49348365,2.45442025,2.39641263,2.46970099,2.53939583,2.53632805,2.36409798,2.39027023,2.34928786,2.32315868,2.46624544,2.49369924,2.39261665,2.26042131,2.44638110,2.47747583,2.35678470,2.46466779,2.42296267,2.28844303,2.20663004,2.05742317,2.36911463,2.41089962,2.38151883,2.37166695,2.36863864,2.48584870,2.36918545,2.37836610,2.44405425,2.37315728,2.45999477,2.45288686,2.39441917
2.42791035,2.53330383,2.54364745,2.50113473,2.39340533,2.34753595,2.14365496,2.11618369,2.37758470,2.42082363,2.45428091,2.36950426,2.47064265,2.49075392,2.50377045,2.47133660,2.44065281,2.37036037,2.30852164,2.39981293,2.51284486,2.51085400,2.50677765,2.41447060,2.40653125,2.44135708,2.44908659,2.47184259,2.47536695,2.44458165,2.47769781,2.48510759,2.35338145,2.42861584,2.51317768,2.30553897,2.41510984,2.41204800,2.43938887,2.30749847,2.35849028,2.50878275,2.32799877,2.47178390,2.35987265,2.41223221,2.54355247,2.42161652,2.45214075,2.28442286,2.17954216,2.33332875,2.42890696,2.32991994,2.27182859,2.23176376,2.35123887,2.20403502,1.90592275,2.41116392
2.53704202,2.56002911,2.55900053,2.53240745,2.49837513,2.44287623,2.47024970,2.51917538,2.47791407,2.51823410,2.44372201,2.36025595,2.41662782,2.50473870,2.47557886,2.47060819,2.29835945,2.04999828,2.03203665,2.39036475,2.52544195,2.52358215,2.42742349,2.25569299,2.19203017,2.53414369,2.49501321,2.45305518,2.46415117,2.53420341,2.49994364,2.52106181,2.42156933,2.36154644,2.32069484,2.22814878,2.15142284,2.33212026,2.36252238,2.42345085,2.39728392,2.39155243,2.36248420,2.39062848,2.20123960,2.33391910,2.49645959,2.33345532,2.38898635,2.30592147,2.39380970,2.41952133,2.42877208,2.44285014,2.31151078,2.11871490,2.39769211,2.35336814,2.13973735,2.14500868
2.37531682,2.35007774,2.43178577,2.39722580,2.35273104,2.33345677,2.18867180,2.39642572,2.41269109,2.44050856,2.38753779,2.41371312,2.44367606,2.45982882,2.43199815,2.30702048,2.33527226,2.30679679,2.38267780,2.25547071,2.46211355,2.39366289,2.33602878,2.30545225,2.07781671,2.13434071,2.24525079,2.25137352,2.36229860,2.35178162,2.38456649,2.30991252,2.35104812,2.41351333,2.36901489,2.12682329,2.16221987,2.35036866,2.41253895,2.29353693,2.13635400,2.25066037,2.13066011,2.00345587,2.35978942,2.41121412,2.32534939,2.09246681,2.16486284,2.17419140,2.39575939,2.38746446,2.37624508,2.23262047,2.19784930,2.30297731,2.35701263,2.27010000,2.00973710,2.19887540
2.55002428,2.45747589,2.50891406,2.40809400,2.48797647,2.39653440,2.32775623,2.22327454,2.24837782,2.61506955,2.62646179,2.58056452,2.46053556,2.49279972,2.48378799,2.50635912,2.55131876,2.52714637,2.52654481,2.40501707,2.36692895,2.53107624,2.52237467,2.53763135,2.17052839,2.62840135,2.59233424,2.60066141,2.54513783,2.52739719,2.59386848,2.60566829,2.55757043,2.53460238,2.56669740,2.47578895,2.44871869,2.55804195,2.57594129,2.58794159,2.50238625,2.50397222,2.43317401,2.46950833,2.23021290,2.28089124,2.40744765,2.24163870,2.20194863,2.33412551,2.46021105,2.32601206,2.20082457,2.36216542,2.49577593,2.57160637,2.34463539,2.19830966,2.24210493,2.19217989
2.41965081,2.42302702,2.24784446,2.11616289,1.98083022,2.30629337,2.25113365,2.27310715,2.47742182,2.51989154,2.51338473,2.47000620,2.24138354,2.44629793,2.42900895,2.40222402,2.27216507,2.35279850,2.37175657,2.30621804,2.21952400,2.31760501,2.39794999,2.37640769,2.05504454,2.31005105,2.50929854,2.49994829,2.27423500,2.36213124,2.40959465,2.52363393,2.41933030,2.42700611,2.52039483,2.38867638,2.32041905,2.38807805,2.52639330,2.53719494,2.29007064,2.50956142,2.43121793,2.40805218,2.32936264,2.20880786,2.31931555,2.46322735,2.26335809,2.40329762,2.44482550,2.48080032,2.34047986,2.03258834,2.30469018,2.42117169,2.36732757,2.24659030,2.06589177,2.13828298
2.43740170,2.29376667,2.26431815,2.39093061,2.46371260,2.50947111,2.44639040,2.33946967,2.34696357,2.45895703,2.52077375,2.46194163,2.22906791,2.23562239,2.33895325,2.38699595,2.51523117,2.49302636,2.50933130,2.23197734,2.26026130,2.31992304,2.41354110,2.39219680,2.30930495,2.55016901,2.54132144,2.53581528,2.48963932,2.53221968,2.43649051,2.39212886,2.42739684,2.43899591,2.46648456,2.43797945,2.10269225,2.30962773,2.43593613,2.39763974,2.31008527,2.41111626,2.38451672,2.42381366,2.43447911,2.43261468,2.42307069,2.50083185,2.39452198,2.22114107,2.40635235,2.42327007,2.48012563,2.43602570,2.45666923,2.40633988,2.40342415,2.39618665,2.35850728,2.39048954
2.19992988,2.10383039,2.20936224,2.30720899,2.33240068,2.35294597,2.48755789,2.52846430,2.47981542,2.43598419,2.52601359,2.49027425,2.34905934,2.28961990,2.39026742,2.42680609,2.42843340,2.30526209,2.42011616,2.19048026,2.15728177,2.24702122,2.49105700,2.46193510,2.18260972,2.38469623,2.40318519,2.39215113,2.28224453,2.19427542,2.37384365,2.44227454,2.47843896,2.42796878,2.44950089,2.47122745,2.40569155,2.43327782,2.48067267,2.43673010,2.43723182,2.33263588,2.45734747,2.44723208,2.39014415,2.55171402,2.46708088,2.41915364,2.36980867,2.35654410,2.43239005,2.50742731,2.43293468,2.35354563,2.30955661,2.35625461,2.35692177,2.41205034,2.43151117,2.31491619
2.43363133,2.34652071,2.43961097,2.54647597,2.41805848,2.41213463,2.42706655,2.37994749,2.41052490,2.34418131,2.44405093,2.25419085,2.30987313,2.44502262,2.45903035,2.36152342,2.53838126,2.55668184,2.54084872,2.37194019,2.46599818,2.49061798,2.41244488,2.30449232,2.41186597,2.47627797,2.48261031,2.47659908,2.46604212,2.50979939,2.51066401,2.28460689,2.35595025,2.42571919,2.42757670,2.38704712,2.44825898,2.39596454,2.47631651,2.30783803,2.40834616,2.47762474,2.35564680,2.44525281,2.40431220,2.29844973,2.43623806,2.44089085,2.42668859,2.46228077,2.35492189,2.27353055,2.33145773,2.48892903,2.25869459,2.37046978,2.42563210,2.35408993,2.34604218,2.45957549
2.43077014,2.40447110,2.47067284,2.60679731,2.58449097,2.46318271,2.54130512,2.48570219,2.55615482,2.58887296,2.57522875,2.53144872,2.34800064,2.27941577,2.32576724,2.54491345,2.58709691,2.49957548,2.31560678,2.45677562,2.46170973,2.48431446,2.44694062,2.46784928,2.49420123,2.44227793,2.32450241,2.27103652,2.47475738,2.49082149,2.33459211,2.36810650,2.39494796,2.51623907,2.44231714,2.14468375,2.07110341,2.41221872,2.48416729,2.52591898,2.58862120,2.52647784,2.24754135,2.11803141,2.41553692,2.50940750,2.41292145,2.57865629,2.52418951,2.45670431,2.44801376,2.26178987,2.53326027,2.55917175,2.24708062,2.17836311,2.40151318,2.43163276,2.20074089,2.29351064
2.43834505,2.41754931,2.43931978,2.26331500,2.10901442,2.35906470,2.36390600,2.45549497,2.44312673,2.48102485,2.44451936,2.23209454,2.32779159,2.33494062,2.38018001,2.33104894,2.39651608,2.38200656,2.31416037,2.36688687,2.34421981,2.29408394,2.17036049,2.13140667,2.32462143,2.45176936,2.31000908,2.24470753,2.34500210,2.41553371,2.42336658,2.26636535,2.34230750,2.34773479,2.29323459,2.03483484,2.25021065,2.41698292,2.33221697,2.25385168,2.41361692,2.42748493,2.35444416,2.33211467,2.19478974,1.87120722,2.22441452,2.45174869,2.34767829,2.26888040,1.90979502,2.12317938,2.24517772,2.32951949,2.29756653,2.33008358,2.44097586,2.30777681,1.93426499,2.03974061
2.51450449,2.36802023,2.25432567,2.35005400,2.27192035,2.31845130,2.38027085,2.56750978,2.43598331,2.57207852,2.52895978,2.48101149,2.50459694,2.50891516,2.49599285,2.51538650,2.50385831,2.48530178,2.46676607,2.32091940,2.40460903,2.57866600,2.59601665,2.50403023,2.50442326,2.47943372,2.51167858,2.46103828,2.40590287,2.38468692,2.36510286,2.51637153,2.50234018,2.49928327,2.38125249,2.37166838,2.54519920,2.53290852,2.54361467,2.34693736,2.26920727,2.32021094,2.38871000,2.27525740,2.30038915,2.22784046,2.20910706,2.37722410,2.40113514,2.49158005,2.33785180,2.46634918,2.48922409,2.37792310,2.40307942,2.29840061,2.41463994,2.39746579,2.43965810,2.29665686
2.49946732,2.55599025,2.56032715,2.46404440,2.02925990,2.17049056,2.29970684,2.48076559,2.53524068,2.49560702,2.15823014,2.21823017,2.28896704,2.53097218,2.56289831,2.49984205,2.17940551,2.18621537,2.09804961,2.08313271,2.54644263,2.51092088,2.53512326,2.26240663,2.24548647,2.37075663,2.31475048,2.19368386,2.52575152,2.52259112,2.53017697,2.26282131,2.46245785,2.46066014,2.46480183,2.13386663,2.07008581,2.39256618,2.38849909,2.29926095,2.47181709,2.54063937,2.46971508,2.22221211,2.32339727,2.22343191,2.11259897,2.33600458,2.47500347,2.47683793,2.45920850,2.26838853,2.27606101,2.33364579,2.25928591,2.14669516,2.15965146,2.13479799,2.18355048,2.17628987
2.43620561,2.55662389,2.56202430,2.49010197,2.21382186,2.38353127,2.35430458,2.26552670,2.39199671,2.33738340,2.20540978,2.05922169,2.07694945,2.40124850,2.51916739,2.51595649,2.28201655,2.35972625,2.11462918,2.38189455,2.52122851,2.55579419,2.48942550,2.05927864,1.94093693,2.19283579,2.40821038,2.46591635,2.45366870,2.47815305,2.47651307,2.16745397,2.36212075,2.46748846,2.36194310,2.11842354,2.11278196,2.19869871,2.39501526,2.46767270,2.39267996,2.24827806,2.22795481,2.32464998,2.36296304,2.39592009,2.34656440,2.42728351,2.33646919,2.43314525,2.48187823,2.30141702,2.23718961,2.12385252,1.90053578,2.22894728,2.33599283,2.18419400,1.74637885,2.16797404
2.49812761,2.52268626,2.53256288,2.49155057,2.32781499,2.23315364,2.21078429,2.46990830,2.43144688,2.51885206,2.42282223,2.28179868,2.49688461,2.46981196,2.50289298,2.44109520,2.50845709,2.33384024,2.23289099,2.48057593,2.39477642,2.32516352,2.14107347,2.08012098,2.23310539,2.50083699,2.46130401,2.32939265,2.48624700,2.52721878,2.52516293,2.49988422,2.49872408,2.32203080,2.30495286,2.17580132,2.10811401,2.41491297,2.46801870,2.49980729,2.42044145,2.47051319,2.36579140,2.51894412,2.51823229,2.40302210,2.37762146,2.34118707,2.30853443,2.20154887,2.35223328,2.26613129,2.41569345,2.39068176,2.26628177,2.29655650,2.33620386,2.38820180,2.38207879,2.40808378
2.42263853,2.26267280,2.25690704,2.41180290,2.39933134,2.32334209,2.24376330,2.43028544,2.55540720,2.50943717,2.41491821,2.46468109,2.40294295,2.42819612,2.49361552,2.48663233,2.36300362,2.38314058,2.22668541,2.16682314,2.41558009,2.48641900,2.35283507,2.27081825,2.23132485,2.39607933,2.50991859,2.52535823,2.50286192,2.54119061,2.55194989,2.43593718,2.39575742,2.29606237,2.31807282,2.25578227,2.11335381,2.42110972,2.42536561,2.36207558,2.32119802,2.42571775,2.37071203,2.22205735,2.25987183,2.36442861,2.40211268,2.52074857,2.38315597,2.14466872,2.37916565,2.44150813,2.47901300,2.50270985,2.18249546,2.35578024,2.38914261,2.31735427,2.32464744,2.28580020
2.51539964,2.54311923,2.54870128,2.49399818,2.44129462,2.45536482,2.45369784,2.41862269,2.49067753,2.54834394,2.50098623,2.32073151,2.35393886,2.47837731,2.50403577,2.48627352,2.44068483,2.32967808,2.23753639,2.27570318,2.28773932,2.16879285,2.26506769,2.16452323,2.25184337,2.46959521,2.46357794,2.48530586,2.43545107,2.50364060,2.52220728,2.34751510,2.48801274,2.41893286,2.41437978,2.33340825,2.36191213,2.47542639,2.31830279,2.47747608,2.38329835,2.44591644,2.17952277,2.22178808,2.29950816,2.39708121,2.48659546,2.45924146,2.46799193,2.30704836,2.14601139,2.27627353,2.48940308,2.49751807,2.46637711,2.50222656,2.45629547,2.40619911,2.39446787,2.43787547
2.44681357,2.53484495,2.54549754,2.45465192,2.19945116,2.32897479,2.18748746,2.23327403,2.48301210,2.47971383,2.41676432,2.30682259,2.45222723,2.47715923,2.51962075,2.49252001,2.48177381,2.48090506,2.25187685,2.39932226,2.52218762,2.54719011,2.50586943,2.25907384,2.28217125,2.28881109,2.27057342,2.30095430,2.40667827,2.53373764,2.53933573,2.34396127,2.46996198,2.41634554,2.27296182,2.16394624,2.08532431,2.32858919,2.32498928,2.35741440,2.42357447,2.51548063,2.35260112,2.46497379,2.37096141,2.33848749,2.13656121,2.35746556,2.50777776,2.36244157,2.31369651,2.41001617,2.35456727,2.24131447,2.20793493,2.30376753,2.43961693,2.20010204,2.06612925,2.48705215
2.53871840,2.33155060,2.30222596,2.53669105,2.47804909,2.43540805,2.39871265,2.33284269,2.38048459,2.47062865,2.40485671,2.43208558,2.46185068,2.40426404,2.25159904,2.40210729,2.32018693,2.39123025,2.44957776,2.45600394,2.37444414,2.27268675,2.31312222,2.37110410,2.46686747,2.50131355,2.47749690,2.45197842,2.43715237,2.53335300,2.51860679,2.46342843,2.47535305,2.38438368,2.34813709,2.23717632,2.25885867,2.34972584,2.43218208,2.28158203,2.37720245,2.48973923,2.46763060,2.38999097,2.19912726,2.30526077,2.42225149,2.40320730,2.42366732,2.38947667,2.23747238,2.27704767,2.46426799,2.32084899,2.34649951,2.30496291,2.25711700,2.25528567,1.96499582,2.34687240
2.46259128,2.54149721,2.49566437,2.38098139,2.45815796,2.46705646,2.54774951,2.43943024,2.27225219,2.49089836,2.46432650,2.45413709,2.30486987,2.41168300,2.50953078,2.40172191,2.36731606,2.42375569,2.30685166,2.36516169,2.45330847,2.41850064,2.41683094,2.44495153,2.32795300,2.41674466,2.46985174,2.39771543,2.45954728,2.51800988,2.45032625,2.04650973,2.15551999,2.52271706,2.47408085,2.27688519,2.19142473,2.42062159,2.45667833,2.44741975,2.37815355,2.31986100,2.19212402,2.14425554,2.32867841,2.44921218,2.49065704,2.38462211,2.29281148,2.27788588,2.43998978,2.40937828,2.28869447,2.36829089,2.39494529,2.28575695,2.35231983,2.34133211,2.11452315,1.97116393
2.49625699,2.43052840,2.30332441,2.28073596,2.17689559,2.27413332,2.47896186,2.27873721,2.47210375,2.55073512,2.54865258,2.51845484,2.01666810,2.43807605,2.38615378,2.15118269,2.54247797,2.53626498,2.51984834,2.42149328,2.36489943,2.53830131,2.51973149,2.43959922,1.92999782,2.51244367,2.53294018,2.49082200,2.45492396,2.41474402,2.45487778,2.52898493,2.51382201,2.40081606,2.46259118,2.43517091,2.36201959,2.42337788,2.48988397,2.40987794,2.40596857,2.48452367,2.38017367,2.45743122,1.95237417,1.98954150,2.31618192,2.14240163,2.08499461,2.40471081,2.40849795,2.36910932,2.31276471,2.28655909,2.41401266,2.47094150,2.38793561,2.13285905,2.26991770,2.25989946
2.56500330,2.53410579,2.46154192,2.40256682,2.20429311,2.43527506,2.42519398,2.58631420,2.52620480,2.61603573,2.48628452,2.52182606,2.37868672,2.46779009,2.54277982,2.41112639,2.51620869,2.60928910,2.51503140,2.34166984,2.38917511,2.53736080,2.58451050,2.55929295,2.37419474,2.44540184,2.60818573,2.55854762,2.30492816,2.39981524,2.42268155,2.55904559,2.55789082,2.55546991,2.57769577,2.58586096,2.48854796,2.45473259,2.56559848,2.56625842,2.41465828,2.53617495,2.57213215,2.34463456,2.34419336,2.35162861,2.44358301,2.47608902,2.46336742,2.41650412,2.48985705,2.53869067,2.29554257,1.96285887,2.34155379,2.35548925,2.54153231,2.27675934,2.43212166,2.37695863
2.18041178,2.24453222,2.26504925,2.28449824,2.31174755,2.25134325,2.21891336,2.40893417,2.34136678,2.45352947,2.39072195,2.37476904,2.34292388,2.28497751,2.32484196,2.37217791,2.46036840,2.46933925,2.45820064,2.27008889,2.20208811,2.45122179,2.41102973,2.28273726,2.35196424,2.44039162,2.46357302,2.45532299,2.36847002,2.39285335,2.33336951,2.47335913,2.40412594,2.41237196,2.45966860,2.35166438,2.15491926,2.25488738,2.42281488,2.28003733,2.16622693,2.34864119,2.36065767,2.37395474,2.36434271,2.32726935,2.40192506,2.42079876,2.25138846,2.12124322,2.27059190,2.33900702,2.42158177,2.33601545,2.32416426,2.35395011,2.36691170,2.41293170,2.34860418,2.18595743
2.48450595,2.37666954,2.51075010,2.38720980,2.40258545,2.56732085,2.54171133,2.53640064,2.61902611,2.54412330,2.56762797,2.53699398,2.38675066,2.48024134,2.48694695,2.46068340,2.51214215,2.58051592,2.43000566,2.46467846,2.56829374,2.47194297,2.42529784,2.57734600,2.40571119,2.47655651,2.53488474,2.49472193,2.44978693,2.31905525,2.43614333,2.48692862,2.50444029,2.57302263,2.56494371,2.56910461,2.40638420,2.47505341,2.54739436,2.51305050,2.37670843,2.39948334,2.34252072,2.38892809,2.45839835,2.54936748,2.56246464,2.51508134,2.32843239,2.37370143,2.45205049,2.59697132,2.34829679,2.23867009,1.95599988,2.35466198,2.34006093,2.42109756,2.30728791,2.28854737
2.42942038,2.41821278,2.34629717,2.50668832,2.42718349,2.45772283,2.45366381,2.49324420,2.53340136,2.48014281,2.48241184,2.30055857,2.31222506,2.45547289,2.45026992,2.47271350,2.44044833,2.42476485,2.40380808,2.35362889,2.45257417,2.43270702,2.37813671,2.27314403,2.39879629,2.50018377,2.46293079,2.44717530,2.35525132,2.44812556,2.23388174,2.03093465,2.23230870,2.38655660,2.29378571,2.38251699,2.30285015,2.29211380,2.30554832,2.32959791,2.48038868,2.48811484,2.36071600,2.39224291,2.03717744,1.99689120,2.24007940,2.31205967,2.24966736,2.39213974,2.36180722,2.20001797,2.30581927,2.48853770,2.31744658,2.29025071,2.39683330,2.28172916,1.90725928,2.08862743
2.30542665,2.30085621,2.41214528,2.51542782,2.40213109,2.34888093,2.42425028,2.44332486,2.43420461,2.53559379,2.51257799,2.51921654,2.29117173,2.40789674,2.34997889,2.45442369,2.41612272,2.20089246,2.21780456,2.36682539,2.28207256,2.27149580,2.42153489,2.30346142,2.12497719,2.45328776,2.45112092,2.35047539,2.48737961,2.48998599,2.39615373,2.29555027,2.45459216,2.42358413,2.42591634,2.43378288,2.23099917,2.38310382,2.34070201,2.21841890,2.47931331,2.47324105,2.31465761,2.32023483,2.46645604,2.44481983,2.18390360,2.43345663,2.41597360,2.45319727,2.49555464,2.49454839,2.41423301,2.40712828,2.46797279,2.44294853,2.39161753,2.44047529,2.23368033,2.29246757
2.37749707,2.33727416,2.36234646,2.34533606,2.27066004,2.16147891,2.42034722,2.29829217,2.32074551,2.43602989,2.44181316,2.38277091,2.35633137,2.17097726,2.26938932,2.39398468,2.41028069,2.32413457,2.33572271,2.32128786,2.36054773,2.37610730,2.36587501,2.34116769,2.41172555,2.33307636,2.30800704,2.23414389,2.33562836,2.35163954,2.39540257,2.46270507,2.41708212,2.35521734,2.26214089,2.36366113,2.31491108,2.11999643,1.87241606,2.24946084,2.39209551,2.44612728,2.44126360,2.40927990,2.25336157,2.19510907,2.27032132,2.39878595,2.35975230,2.33110456,2.28768488,2.27246204,2.37497393,2.38887017,2.44272688,2.41459806,2.40049522,2.24149218,2.41731902,2.42452683
2.50270190,2.45093352,2.33612476,2.42609116,2.30870200,2.26804140,2.43320883,2.42132361,2.46421149,2.42970799,2.54816227,2.46294554,2.55812957,2.55811314,2.51556723,2.38509943,2.49337461,2.37778434,2.45322055,2.22580336,2.26316064,2.44046091,2.44793442,2.42856921,2.46077759,2.32314047,2.47990131,2.47510337,2.44271047,2.51482335,2.22620547,2.25274744,2.24131425,2.37528058,2.42595234,2.34695952,2.31357427,2.08106957,2.01644148,2.38150564,2.23384095,2.28816367,2.29466764,1.94618230,2.03996744,2.06726078,2.43058241,2.32720629,2.33478415,2.14742208,2.28378481,2.22135973,2.08524655,2.20925900,2.14649866,2.07777731,2.18117623,2.25164573,2.21478626,2.24113016
2.50837504,2.62446058,2.63254330,2.57669472,2.38812986,2.53594240,2.49788518,2.61775482,2.59017595,2.62150998,2.60205646,2.34280004,2.25104868,2.46718751,2.49964131,2.48620676,2.40882288,2.29655716,2.23570725,2.42765222,2.56708719,2.61949774,2.51167351,2.23894752,2.30772012,2.55354976,2.61126349,2.58858075,2.52488499,2.52605916,2.54626266,2.42748459,2.51066118,2.57070646,2.56638223,2.52663955,2.43971811,2.56643497,2.50209951,2.42453400,2.53113010,2.60195413,2.50720564,2.22758853,2.35210098,2.37548743,2.27253889,2.53615531,2.53599589,2.47373072,2.48339570,2.43258101,2.43755138,2.33131359,2.49814171,2.45583950,2.19744375,2.42817601,2.43274376,2.36477519
2.40510109,2.55006277,2.52921330,2.49848411,2.37277412,2.26257964,2.42189693,2.27034820,2.34526161,2.28354686,2.15229230,2.22071396,2.36523277,2.54723956,2.53051981,2.48264155,2.22152381,2.20513488,2.11294072,2.32609762,2.50518791,2.52159047,2.48726485,2.27770591,2.33592659,2.33813541,2.41774610,2.32322830,2.38757890,2.51428235,2.53082918,2.24623229,2.42728677,2.54635976,2.45218205,2.19596578,2.31627975,2.23472391,2.18487009,2.41210640,2.41990145,2.36999747,2.28147150,2.28611956,2.40741436,2.42364136,2.36079281,2.27741807,2.38913654,2.05846911,1.86501808,2.12280709,2.11495914,2.37999749,2.11842312,2.17248334,2.22268643,2.18947001,2.27808055,2.15098169
2.42770142,2.32806735,2.36375837,2.38615358,2.37350746,2.42292184,2.24348717,2.33520391,2.52216248,2.47792370,2.35019926,2.37220299,2.48259400,2.46483336,2.52777390,2.50883795,2.30382104,2.15439777,2.24283418,2.41795857,2.37252564,2.36745522,2.29417868,2.42571362,2.30100433,2.54703125,2.55178733,2.48394952,2.46891440,2.53335927,2.50332697,2.51710444,2.47438108,2.23657025,2.42388156,2.27003546,2.07509465,2.40072431,2.50018436,2.39452933,2.44429878,2.37117125,2.40843238,2.35061689,2.40523047,2.49513051,2.48732111,2.26595448,2.35397016,2.36586256,2.29120799,2.29076210,2.48483296,2.28769742,2.50068373,2.36873526,2.35882551,2.30558595,2.37710047,2.31961634
2.39434930,2.26874272,2.18403778,2.41642669,2.48421694,2.37436693,2.36650298,2.33521893,2.45076392,2.50846891,2.40127891,2.49649901,2.40476510,2.51422151,2.38396570,2.35161991,2.37520041,2.26833644,2.28741479,2.37426509,2.31468897,2.41642031,2.35365961,2.11694448,2.23484057,2.31695648,2.42263406,2.41874247,2.45843215,2.52018983,2.54163624,2.12351127,2.22624277,2.29777921,2.09557530,2.04171822,2.20786122,2.24726013,2.43375758,2.38177724,2.31800931,2.48937544,2.43748974,2.04902900,2.39185886,2.51237461,2.45561233,2.40799891,2.45641910,2.39633415,2.48265039,2.54131898,2.41579283,2.44616235,2.32150122,2.21182524,2.14395930,2.39579801,2.45470226,2.31864453
2.43061903,2.50605024,2.54635031,2.51182648,2.49235232,2.39411918,2.43939193,2.35823416,2.49562916,2.53365798,2.47288854,2.38820377,2.54237363,2.33571435,2.49442651,2.49653056,2.52488021,2.39202051,2.24270657,2.46348739,2.50859294,2.52691075,2.52396415,2.39660320,2.40181997,2.47829255,2.47858953,2.38482099,2.44328650,2.50344920,2.51621960,2.20803234,2.43569399,2.45475848,2.45380464,2.13351537,2.40590431,2.41786529,2.41456910,2.45421405,2.47273600,2.50291476,2.40565857,2.16755247,2.12464874,2.34079648,2.28594869,2.45592075,2.36278993,2.36548095,2.30881555,2.40415213,2.47280754,2.44411934,2.24277332,2.20153970,2.05181394,2.31704736,2.26447733,2.20460807
2.22921699,2.17508765,2.19997447,2.31519601,2.28332959,2.31504909,2.26931115,2.32751937,2.21245678,2.17499911,2.19006312,2.26309355,2.34772516,2.32666764,2.26126337,2.34604456,2.24304234,2.29760874,2.27153655,2.22166023,2.33537276,2.35798347,2.24308352,2.01112891,2.12993062,2.21975879,2.08644906,2.13638066,2.27411887,2.29477967,2.30639105,2.17445559,2.29235265,2.28178515,2.30078357,2.03533950,2.28637149,2.14336518,2.18117398,2.13745471,2.28086130,2.30425453,2.09312156,2.15945161,2.15612375,2.28167863,2.10847741,2.08943445,2.13509119,2.01851090,2.00385109,2.11510099,2.23497403,2.27765506,2.22506148,2.27054245,2.14725269,2.25899886,2.19120009,2.24265112
2.63342401,2.42393680,2.43431644,2.56290485,2.60964488,2.53999953,2.57750718,2.52507746,2.43503639,2.49227274,2.51220121,2.50231406,2.67926388,2.48024648,2.59123972,2.64214882,2.52383666,2.52928340,2.35474743,2.51703808,2.65414908,2.60925628,2.48202494,2.49746470,2.49290577,2.56114593,2.59601725,2.55640706,2.50651580,2.63116751,2.66579390,2.66620551,2.65819993,2.57580822,2.55324407,2.40514854,2.23963382,2.61282470,2.59923821,2.57684671,2.51796271,2.61808473,2.49514273,2.37402398,2.10179216,2.52805209,2.43271191,2.56157197,2.45678101,2.23148050,2.52886150,2.57476086,2.45978458,2.65452618,2.64044576,2.39620975,2.18493343,2.53425879,2.59075413,2.56309507
2.47445482,2.51432642,2.34526900,2.42547207,2.44452791,2.46996184,2.50056346,2.47572302,2.51575011,2.38968231,2.32638320,2.37870956,2.42363373,2.39787510,2.37247168,2.45146624,2.29898835,2.48521984,2.43155969,2.41348754,2.31255005,2.40076973,2.35482035,2.33185035,2.38367810,2.26802743,2.29297696,2.36068454,2.45233241,2.52519166,2.51657542,2.14121895,2.47226546,2.54031117,2.50980452,2.24272435,2.26763840,2.35692022,2.39819410,2.37985240,2.34240570,2.35206086,2.34759804,2.05139203,1.92595153,2.41845073,2.23386800,1.93084786,2.39039732,2.24547016,2.47509120,2.42614033,2.27796602,2.08406129,2.17725646,2.14656598,2.40445376,2.46761967,2.36512310,2.26662748
2.51733924,2.36945320,2.42511354,2.41822528,2.44252888,2.35697895,2.27888803,2.27551052,2.42327025,2.56270907,2.55910416,2.51812085,2.16586522,2.41656496,2.23092304,2.20269735,2.51563506,2.45800382,2.40496105,2.30206034,2.40342164,2.46724518,2.45796586,2.43968395,2.11239784,2.45175162,2.47392531,2.44165727,2.53726041,2.53613279,2.55373989,2.53020852,2.47230319,2.48936960,2.49581005,2.42267080,2.29091234,2.44091166,2.41343921,2.34474414,2.46817160,2.50542492,2.36659534,1.98018714,2.34953148,2.54893955,2.46026694,2.36878330,2.39526939,2.49065560,2.38253439,2.46808297,2.50034192,2.40645034,2.46531768,2.46746850,2.41585734,2.48303280,2.40070503,2.34295832
2.56787357,2.49999035,2.54074314,2.33308207,2.28450641,2.31381186,2.44581657,2.43762184,2.49024642,2.63574648,2.63641781,2.60659146,2.42798341,2.52625181,2.45052370,2.50733875,2.51947942,2.43884042,2.36675085,2.24242376,2.35710792,2.49760864,2.52710856,2.61160948,2.16836184,2.50456598,2.52875853,2.32328417,2.41379376,2.44051120,2.48893239,2.60489626,2.30387374,2.42788420,2.57988613,2.48498678,2.36643111,2.50496754,2.60978903,2.60162237,2.43680896,2.49271730,2.47657828,2.15322581,2.40442955,2.43563487,2.49865389,2.50324046,2.49521401,2.38814326,2.47781872,2.44172408,2.46643934,2.48110680,2.41363068,2.20700755,2.17841011,2.43674183,2.23024943,2.24646311
2.48846231,2.42216411,2.32712221,2.27855609,2.18595164,2.12897832,2.34273673,2.35372951,2.41486753,2.45700662,2.49958700,2.48501329,2.11073402,2.21380331,2.32625880,2.45205987,2.55478544,2.55525202,2.54069084,2.45371439,2.52380109,2.47532624,2.47320741,2.44015065,2.38330311,2.45159634,2.45134433,2.36555876,2.48918978,2.46699062,2.38170809,2.52344468,2.43550609,2.48814844,2.44384649,2.34031654,2.30225217,2.34414814,2.48139613,2.39232846,2.27943481,2.38078914,2.43557058,2.46561867,2.32941019,2.42120735,2.38580154,2.39387049,2.26313669,2.21066057,2.41173293,2.38094923,2.29685774,2.27404177,2.18068660,2.34885380,2.40312281,2.34059795,2.35725834,2.30378216
2.46382983,2.42357527,2.46861346,2.50726641,2.48188130,2.40019954,2.44141840,2.44296215,2.47881763,2.42642600,2.43709489,2.32292223,2.25773802,2.41486519,2.48298383,2.42849694,2.41438463,2.43266610,2.38800793,2.41831558,2.29309798,2.31196025,2.42847175,2.47476056,2.18696946,2.38355058,2.48395386,2.50930772,2.38665619,2.34786864,2.43454831,2.22823393,2.36123331,2.46585415,2.43711362,2.37695418,2.33542666,2.38255862,2.28375098,2.20160153,2.40776934,2.35888463,2.32575715,2.30717477,2.46522323,2.52309722,2.42962693,2.26331103,2.06964318,2.17703536,2.49464102,2.49527343,2.42795065,2.37195853,2.19357111,2.32799611,2.37571917,2.40606255,2.15038312,2.01557157
2.43177596,2.46699862,2.34226001,2.49425577,2.46002350,2.43505493,2.49012221,2.54215333,2.52154060,2.53691729,2.42427432,2.31706798,2.41162506,2.48310922,2.44192068,2.44494851,2.46413657,2.45733995,2.35980300,2.34580460,2.32936591,2.38949089,2.41961433,2.36779260,2.38166783,2.45449307,2.39870770,2.27909446,2.53046545,2.46698170,2.31512114,2.11217843,2.30634014,2.49679387,2.39922575,2.45958250,2.38178686,2.45926596,2.48288768,2.20984361,2.25392028,2.22407147,2.29117705,2.48175354,2.40674779,2.39280009,2.43547102,2.20000531,2.08761836,2.30460308,2.39615501,2.43543403,2.45844940,2.43323916,2.13417229,2.23846857,2.27339529,2.30729440,2.30366917,2.16027207
2.51630460,2.46817367,2.52194223,2.43793185,2.42210272,2.44754002,2.35226159,2.47827721,2.54213201,2.51966041,2.40905050,2.27600878,2.43090099,2.33598359,2.39098994,2.54344615,2.50989228,2.42673138,2.31849242,2.37237570,2.52973994,2.48297218,2.43149031,2.26914400,2.50536128,2.46039302,2.38478743,2.39596613,2.44738489,2.44084456,2.26785395,2.24910800,2.45417361,2.42391125,2.35708174,2.11207101,2.37244871,2.50937260,2.43467018,2.32845058,2.51011852,2.40363731,2.00654071,2.13237862,2.42367621,2.47711147,2.32572356,2.51534871,2.37099954,2.47256360,2.36107640,2.23230153,2.50589535,2.48365281,2.38184341,2.35230960,2.20226642,2.32610639,2.44298374,2.30450022
2.49061842,2.44930449,2.45171399,2.47434738,2.42823460,2.48255696,2.45839205,2.38485325,2.53875075,2.48330159,2.43573894,2.33192461,2.41510644,2.44109402,2.35169773,2.52753758,2.55993395,2.52637755,2.49316389,2.47780104,2.52458080,2.49954858,2.47869836,2.39625696,2.51233086,2.52495620,2.46086120,2.45547094,2.48997055,2.45817388,2.44402516,2.35182390,2.42365029,2.50365300,2.49286451,2.36136710,2.40459257,2.43980035,2.40755096,2.36223021,2.50532775,2.44873179,2.22155285,2.27971918,2.40535819,2.32970230,2.34692151,2.49829100,2.37406142,2.45145446,2.25264677,2.28068839,2.35015310,2.21111233,2.21239395,2.46054237,2.35729502,2.38292754,2.36653797,2.47880259
2.47945568,2.17295849,2.28808767,2.42006043,2.46030982,2.47044583,2.47845849,2.48403843,2.38452302,2.26459844,2.29516147,2.37743506,2.38556404,2.39945002,2.23365598,2.44615976,2.41425481,2.35080456,2.30122045,2.43927858,2.28402911,2.47573823,2.39986670,2.50607330,2.44346557,2.43212518,2.34769080,2.43012259,2.31325091,2.37579322,2.43896927,2.21789524,2.43529715,2.43122714,2.43230967,2.43460403,2.45797726,2.48205983,2.41714231,2.32775719,2.19543545,2.02292172,2.07562655,2.12504428,2.24001960,2.28665663,2.32722836,2.32187681,2.47234904,2.42235845,2.31490814,2.35009927,2.37852113,2.03569691,2.17647913,2.24035533,2.31299220,2.21754105,2.38789253,2.01454430
2.59092406,2.62262953,2.62845555,2.57420484,2.30866739,2.54571401,2.47133429,2.38549163,2.42062021,2.23432419,2.11342712,2.23019069,2.35689583,2.58607273,2.59401514,2.61762288,2.46550299,2.31389732,2.46309106,2.46307749,2.60150496,2.58449551,2.55394511,2.15392485,2.10416370,2.56124972,2.55052860,2.54098201,2.60746574,2.62613309,2.55462281,2.27093542,2.40915695,2.39963094,2.49546773,2.14177030,2.04399460,2.44261210,2.56770516,2.58083642,2.36172243,2.49639144,2.29746288,2.14229275,2.23028530,2.54100142,2.43183635,2.18494118,1.79132851,2.14062662,2.37521075,2.27083507,2.34985722,2.43963556,2.50890725,2.44381561,2.21796058,2.41001606,2.11023273,2.27524122
2.37055225,2.44893522,2.46857260,2.39805659,2.38502206,2.41415072,2.24132238,2.32023279,2.29173154,2.16124725,2.04158542,2.22470501,2.32572115,2.44816759,2.47643511,2.45910842,2.25130388,2.01551370,1.92614353,2.21396179,2.43530632,2.44737195,2.45218359,2.14530633,2.05616968,2.29619989,2.36573789,2.13290852,2.24039897,2.40915939,2.40223196,2.13876390,2.32531839,2.46616093,2.33827856,2.05666117,2.22059523,2.26578284,2.30368258,2.26906132,2.30470953,2.18660178,2.09882958,2.03864164,2.25331859,2.38763374,2.32103961,2.08149156,2.17169901,2.24394665,2.13668012,1.97724640,2.12719792,2.10316037,1.95625390,2.21861535,2.26939449,2.13829130,2.19367146,1.91908376
2.26171306,2.37374510,2.50726872,2.52499308,2.48315394,2.48292906,2.55652966,2.56109207,2.41942173,2.29818921,2.20488932,2.54145873,2.51239743,2.52903406,2.55109215,2.58101900,2.28255109,2.42912305,2.55536888,2.43245149,2.46469576,2.56722741,2.54827823,2.33567082,2.42566195,2.55513424,2.53054018,2.52033066,2.57582517,2.53289806,2.39463427,2.43396461,2.36896442,2.59877650,2.54325691,2.38532668,2.20264195,2.42364944,2.54559541,2.30716789,2.50938129,2.43352124,2.45491605,2.37822167,2.32372168,2.54065406,2.50356974,2.48732524,2.47443886,2.39445416,2.42107485,2.41820431,2.53424815,2.42619551,2.47636063,2.42773576,2.54777174,2.40461496,2.46605856,2.49945340
2.37354565,2.43226480,2.44607040,2.53848018,2.47178374,2.42427728,2.34616764,2.37675848,2.46743832,2.51737005,2.43800181,2.43676501,2.30979096,2.40749498,2.51429978,2.45121896,2.32769721,2.33435941,2.34948561,2.45204766,2.31231380,2.42853116,2.46532759,2.42679169,2.40460248,2.45723552,2.43661405,2.44884814,2.40901256,2.47796598,2.49067906,2.24702379,2.41812216,2.51139849,2.46162386,2.18371092,2.16276730,2.43751372,2.49048918,2.39290380,2.39856505,2.26176465,2.33437356,2.15338318,2.30786889,2.52873726,2.40597389,2.39506276,2.36127502,2.10086923,2.43255154,2.32337622,2.46627936,2.32991373,2.21655641,2.06633346,2.34396540,2.06882073,2.13691669,2.29642749
2.42107141,2.48207086,2.42403074,2.53157069,2.45901998,2.32267001,2.38530662,2.37920268,2.51642039,2.51110992,2.50645316,2.39051429,2.52230870,2.23565146,2.26616990,2.45412437,2.36534069,2.32676216,2.26085717,2.39816809,2.29696205,2.25943680,2.30314586,2.45369365,2.28608408,2.43630420,2.42968784,2.43790785,2.50735001,2.47576953,2.47675295,2.43976387,2.45446141,2.49753895,2.45661672,1.94523722,2.01437679,1.99719959,2.31191450,2.42677369,2.43474695,2.36979956,2.41535818,2.45208101,2.32237643,2.38361060,2.46256845,2.41943545,2.35869992,2.32472092,2.38859692,2.30188396,2.42524267,2.35927689,2.42458756,2.43904302,2.38995168,2.37118985,2.38278511,2.40037747
2.25665625,2.35025556,2.48111146,2.50894477,2.49903304,2.40836799,2.39584730,2.40701432,2.54136405,2.34774668,2.32571365,2.38677387,2.43590533,2.35880788,2.47609255,2.49073144,2.47993880,2.33976628,2.20363487,2.34258821,2.50237496,2.47079273,2.41860498,2.35426734,2.25823314,2.26503676,2.35347439,2.45120029,2.46211102,2.49768333,2.52190611,2.26449050,2.44420872,2.48222806,2.40494561,2.44046537,2.48279580,2.48625240,2.42278059,2.28563387,2.47145206,2.36688132,2.20842960,2.15789177,2.28889916,2.27101292,2.34397566,2.43760790,2.42503249,2.30432718,2.47820167,2.36996812,2.42881386,2.48149699,2.25992297,2.41400713,2.14977170,2.41806904,2.31229941,2.36732294
2.51332801,2.36748340,2.38777831,2.29368971,2.25687103,2.36519249,2.47578923,2.40400553,2.33448242,2.18399419,2.34527858,2.47068588,2.45465574,2.52902545,2.52855391,2.49958194,1.99228016,2.24231449,2.46599165,2.32365652,2.40432259,2.41793579,2.49262883,2.30443757,2.29028684,2.47177910,2.40639456,2.32934121,2.39571994,2.51292424,2.50120400,2.43705240,2.51208212,2.46597899,2.27723564,2.18935358,2.14630101,2.32005239,2.39599024,2.36763866,2.39655608,2.38029194,2.45462503,2.36801145,2.11509402,2.24487685,2.17292903,2.45368081,2.38510986,2.16136630,2.46994621,2.25663804,2.23502926,2.37090357,2.40450487,2.34214909,2.21187072,2.43979626,1.80834559,2.25980503
2.55832023,2.39362073,2.30946993,2.34978373,2.48898392,2.55547480,2.45876483,2.50239660,2.39974413,1.98340025,2.10030271,2.43887795,2.51576960,2.58111536,2.55455048,2.53156878,2.17875647,2.28260223,2.32692603,2.51392160,2.56897110,2.55377313,2.56331793,2.45513204,2.41702926,2.20693668,2.40968935,2.56407725,2.55440197,2.56833206,2.55994578,2.30632602,2.46378934,2.58611566,2.46158985,2.21013732,1.96877440,2.23399191,2.41794538,2.47986792,2.36664273,2.47696225,2.33001762,2.30796143,2.50043380,2.53415410,2.27846822,2.20801607,2.09725818,2.32552600,2.42865764,2.39323843,2.42633648,2.02612493,2.03421830,2.44218643,2.47255193,2.44682710,2.46227726,2.34280717
2.48580037,2.51217906,2.38964178,2.36638947,2.33042615,2.20105088,2.42577916,2.27448454,2.39827927,2.54772313,2.51753834,2.53374992,2.25137483,2.19194115,2.31169678,2.45848050,2.53822178,2.53704228,2.50257457,2.44747040,2.37333822,2.52778225,2.49048781,2.31491730,2.35022956,2.54218866,2.55008365,2.51695403,2.45468494,2.49219321,2.51852991,2.49073346,2.43808755,2.48613739,2.48267868,2.48957436,2.32824381,2.49914899,2.48511263,2.46785690,2.35906780,2.52477654,2.52173892,2.29968831,2.16131484,2.30582856,2.40363918,2.30655975,2.35080866,2.36506799,2.32922871,2.31184493,2.35051079,2.33300146,2.38212603,2.49249925,2.37886637,2.36299535,2.21052926,2.31128417
2.46489317,2.39973201,2.39228164,2.38797326,2.36316937,2.51515788,2.42362404,2.32484353,2.52804019,2.46935081,2.53777747,2.48376655,2.23663773,2.45582758,2.28068383,2.41533301,2.50207517,2.40289484,2.38020439,2.43186046,2.38442335,2.48521388,2.51238551,2.49177467,2.08711000,2.32809480,2.41535054,2.30190745,2.19131029,2.36938714,2.41271344,2.45707241,2.30863803,2.47650457,2.44843660,2.47934611,2.34921346,2.48946388,2.50023548,2.43577706,2.38189388,2.39616802,2.34100432,2.42418376,2.40578798,2.42782224,2.46613128,2.50026389,2.28799811,2.35960684,2.26616059,2.30858747,2.31253725,2.44152519,2.37646587,2.32938516,2.26254542,2.32749720,2.29559247,2.36421119
2.46298453,2.43796902,2.43457001,2.35034298,2.29825011,2.16687729,2.09453261,2.13201693,2.39694511,2.47457626,2.51646569,2.53195369,2.47159607,2.41180246,2.35027733,2.38421494,2.55248479,2.55993284,2.54855911,2.25674433,2.29978350,2.19481789,2.18835222,2.21784415,2.36764881,2.46773558,2.45832288,2.46073678,2.40347277,2.26499821,2.38742330,2.45054102,2.32671656,2.38321808,2.41194851,2.27929728,2.24069695,2.45396472,2.46336229,2.36169036,2.47948959,2.47333724,2.43281504,2.49406985,2.34364383,2.35028646,2.32380602,2.26100923,2.50470326,2.36709412,2.43482322,2.33779820,2.27167044,2.39050049,2.45606487,2.29841794,2.50941207,2.46998820,2.30630453,2.51241670
2.43005422,2.46052219,2.44439288,2.39153165,2.42275914,2.41798332,2.46398742,2.38468470,2.40343972,2.54082300,2.50148574,2.47789171,2.30378806,2.51890163,2.36667666,2.28196088,2.34222793,2.40474181,2.45124385,2.40489714,2.42483741,2.43496021,2.44627710,2.46054646,2.44687588,2.42711944,2.41127820,2.37452726,2.30382952,2.28895965,2.22486823,2.44341144,2.42370780,2.39705195,2.32404693,2.30805437,2.31714586,2.33415546,2.50339190,2.33178769,2.34186980,2.33328415,1.95389329,2.36793583,2.31875821,2.30255760,2.46579699,2.38096122,2.42341485,2.31853678,2.41999609,2.51767813,2.44066250,2.20340995,2.03538808,2.43080254,2.41086847,2.31476040,2.33467552,2.37411224
2.47575569,2.45419985,2.36419577,2.30834416,2.54140147,2.50137594,2.38441325,2.44148711,2.46831514,2.47165750,2.48306772,2.20295577,2.38109863,2.52257053,2.43491685,2.46513882,2.53680417,2.32584351,2.45092425,2.40055623,2.38492061,2.49822108,2.46660368,2.41994045,2.44955857,2.46636833,2.40016755,2.30986728,2.42855108,2.44557900,2.44079241,2.47995125,2.48618728,2.50289142,2.46755423,2.21188811,2.23541302,2.34089275,2.51644160,2.45213566,2.42484456,2.42304281,2.31226699,2.52729250,2.29971995,2.41728012,2.27991616,2.48815823,2.48324219,2.37057501,2.41192936,2.33202333,2.44479505,2.30856174,2.37876448,2.53065571,2.49259738,2.44310371,2.35663871,2.47581334
2.41375729,2.36454610,2.34859144,2.43523115,2.42571319,2.56555317,2.47040142,2.59362073,2.62434929,2.62957045,2.57014869,2.43383257,2.37122586,2.42197630,2.40688483,2.60415376,2.61391934,2.56167291,2.48828691,2.47912868,2.60664708,2.57887010,2.49211893,2.35528740,2.40428109,2.45132275,2.39864943,2.31102458,2.46493057,2.41428770,2.35603554,2.36232098,2.57932981,2.48326532,2.37184006,2.45984859,2.51271812,2.53749561,2.44299430,2.51975691,2.50513040,2.48265432,2.37138126,2.43615940,2.45308259,2.50441577,2.48467844,2.57145144,2.50356279,2.51791622,2.31677170,2.40510987,2.47681258,2.58783248,2.22831702,2.26953180,2.49205622,2.49788328,2.51547413,2.59358676
2.39394996,2.33745128,2.39759857,2.19015865,2.25146371,2.33744745,2.38882030,2.21428158,2.40284289,2.45964352,2.42493830,2.35659334,2.38408605,2.14859891,2.20197999,2.36164602,2.34905406,2.31131847,2.20874989,2.35636538,2.44413841,2.45396398,2.39768118,2.43424498,2.25429759,2.25829279,2.28616012,2.34857417,2.36515758,2.33296548,2.28603158,2.30721941,2.39161015,2.31598025,2.30618162,2.35796140,2.21382998,2.29817701,2.34714315,2.15665090,2.42106623,2.44315535,2.34090536,2.21736287,2.26380187,2.28321648,2.27027163,2.43426080,2.28945468,2.30439487,2.19363533,2.19672345,2.36065250,2.31810336,2.26890260,2.38837416,2.35338053,2.23909349,2.13120277,2.14624626
2.43534462,2.28987878,2.43719599,2.48902430,2.51813004,2.47118585,2.43533371,2.13419340,2.19910712,2.20831226,2.28092649,2.30217362,2.48435158,2.48208117,2.53723606,2.45780174,2.20606998,2.28347608,2.36957883,2.29057153,2.43019855,2.43519471,2.49961140,2.42363808,2.39690567,2.51652670,2.51864317,2.45921408,2.48514047,2.53267409,2.49367703,2.50936721,2.48752463,2.50222891,2.51786920,2.17787878,2.35686255,2.46470726,2.49549771,2.29740518,2.48235115,2.47015184,2.53899163,2.35400450,2.37540424,2.43503139,2.46611232,2.34111779,2.36130172,2.41406903,2.43973633,2.39780847,2.49540033,2.48911122,2.39703586,2.43188811,2.41918761,2.39204179,2.40119413,2.31823465
2.33754288,2.55192804,2.51184629,2.51302185,2.46414270,2.45334698,2.39820553,2.28043357,2.30612437,2.38543599,2.29313880,2.38011706,2.27698101,2.52520449,2.55626783,2.52233485,2.17299003,2.25399384,2.26133677,2.40886466,2.53052456,2.53163508,2.48266181,2.29720524,2.36900773,2.45963850,2.44568668,2.45903571,2.32636222,2.40659578,2.46345118,2.38455575,2.25998623,2.01843526,2.23970151,2.19645289,1.91561311,1.77002629,1.92633679,1.89626888,2.42271052,2.38801867,2.28341737,2.40495096,2.44085202,2.46912960,2.43923928,2.40599327,2.38526854,2.41418486,2.41479646,2.35242897,2.13454300,2.18856450,2.22564492,2.36580841,2.08514484,2.42159802,2.42466603,2.42958931
2.54039269,2.54392430,2.54131422,2.47587038,2.33541817,2.47268299,2.38926855,2.34736096,2.44308676,2.45328947,2.14316170,2.17039999,2.42970874,2.45450734,2.54272084,2.51664540,2.32797924,2.18684151,2.17247186,2.24229910,2.54723012,2.52555434,2.32734672,2.10734915,2.09375482,2.28804950,2.38987798,2.37507716,2.48566129,2.51441056,2.54324868,1.97751145,2.47027532,2.52132488,2.48231978,2.16739495,2.22568565,2.31314599,2.36527723,2.38456605,2.18317863,2.40558553,2.44873758,2.28087976,2.31472710,2.39153346,2.40518444,2.36707671,2.15098095,2.18679535,2.48186147,2.35213760,2.44616879,2.30525842,2.24251099,2.23202316,2.12127912,2.28131609,2.22887339,2.06000689
2.05945223,2.00478710,1.83124088,1.94092567,2.34517881,2.28038755,2.26939454,2.37283812,2.39062569,2.44927334,2.48412920,2.41563506,2.12423046,2.48621481,2.55285274,2.50749702,2.49792294,2.49154619,2.29238951,2.33480023,2.35950035,2.41490969,2.35278630,2.34982032,2.32381954,2.49406979,2.51864715,2.42306295,2.46560496,2.46167147,2.40381557,2.00798998,2.44049107,2.48390967,2.51780993,2.15129888,2.16868031,2.28896441,2.27946117,2.34652332,2.34728872,2.39523672,2.31911922,2.41450881,2.21431537,2.43533405,2.34938416,2.31063513,2.23042934,1.99578003,2.26102000,2.11167759,1.86836052,2.19342996,2.14325543,2.25887313,2.29849383,2.44351327,2.33903203,2.44642438
2.61643688,2.59554162,2.59669775,2.57422002,2.28882667,2.54656387,2.54129845,2.47585629,2.45846280,2.43754571,2.46412117,2.52091832,2.58490381,2.50369659,2.49856302,2.51676956,2.54320940,2.42424169,2.51246364,2.55598657,2.61005928,2.62157706,2.57237528,2.41173392,2.32842798,2.43253415,2.54280583,2.48334908,2.45529623,2.57748419,2.60420052,2.43952660,2.45279424,2.36335693,2.31295573,2.43003608,2.43719700,2.40247215,2.51085368,2.42591452,2.44250022,2.50926774,2.41216317,2.29791933,2.40493653,2.57401715,2.44596588,2.49934726,2.31399195,2.29981783,2.48550519,2.55783691,2.47323488,2.32404598,2.31385081,2.41148318,2.37161416,2.38542524,2.47303651,2.57728484
2.42512432,2.34140083,2.41810985,2.34353268,2.19657744,2.39721303,2.36990360,2.40441739,2.45531187,2.42519464,2.39829672,2.28848440,2.35186225,2.43754318,2.38797503,2.38977222,2.38267859,2.39590173,2.24272904,2.38072923,2.33375914,2.28600705,2.27332522,2.39724914,2.45968534,2.38159543,2.29919813,2.18410154,2.37604466,2.43305251,2.45720220,2.30170278,2.38102248,2.40973013,2.45234451,2.40689010,2.42994102,2.36047349,2.35041632,2.21672645,2.44086806,2.39560055,2.25735118,2.35988354,2.32886683,2.27345831,2.29395434,2.37803774,2.26821782,2.39263842,2.30931525,2.28532625,2.32234672,2.39924186,2.35122747,2.32737511,2.42625999,2.40815856,2.06476761,2.25569259
2.55611155,2.41212193,2.55369946,2.50771072,2.37898108,2.59399715,2.44352976,2.35034918,2.31977238,2.31480192,2.33198103,2.40221945,2.44394114,2.60967361,2.60757134,2.58046520,2.42083187,2.30794091,2.17698586,2.30596132,2.35873333,2.40223526,2.41415715,2.35836008,2.22609463,2.60663903,2.54999508,2.60976357,2.49152477,2.57005694,2.56741732,2.21539136,2.43550477,2.49810923,2.48833336,2.39555253,2.46678883,2.55583941,2.57828015,2.30931786,2.52591154,2.45945845,2.34767974,2.31965100,2.43735938,2.49526964,2.31851478,2.50544168,2.57921225,2.62843652,2.48738305,2.29880196,2.36687917,2.38386026,2.42141004,2.44928529,2.57873707,2.58169509,2.24638103,2.29274344
2.46860287,2.48362873,2.48093554,2.44399479,2.00836533,2.24265609,2.19316225,2.15280801,2.25620541,2.21900239,1.96823692,2.05039545,2.46617902,2.32429557,2.33983417,2.39226895,2.25063764,2.31660628,2.27310320,2.36286435,2.33872091,2.44039126,2.41939540,2.33747121,1.98121990,2.26707189,2.20465425,2.23197465,2.33844526,2.44202041,2.46321428,2.11131594,2.29863137,2.36255718,2.35238521,2.26958316,2.01721197,2.24477701,2.26455737,2.20012315,2.22982963,2.39204940,2.30020025,2.21589385,2.27488347,2.36673276,2.12444519,2.30113015,2.27217348,2.27570292,2.10456650,2.24246201,2.25116142,2.38692921,2.20020011,2.20845681,2.33287491,2.34739826,2.06936965,2.22437565
2.58143652,2.36590674,2.21385402,2.38149980,2.49816270,2.50478467,2.62492049,2.54419845,2.53145921,2.37563837,2.36906854,2.55010051,2.50310752,2.42305260,2.41606673,2.62774161,2.48067809,2.54102721,2.57212860,2.60334899,2.49217903,2.41112276,2.32455066,2.52372186,2.49651267,2.55968608,2.56386464,2.42124152,2.44516389,2.63012239,2.61573040,2.53221544,2.53141979,2.56966556,2.53078654,2.43444349,2.55378403,2.57760525,2.58215915,2.44099913,2.67046269,2.52693580,2.53618347,2.46034584,2.61132356,2.58837251,2.62951981,2.58975493,2.43350580,2.54660632,2.62931181,2.57564209,2.57772758,2.58358223,2.52162821,2.49261176,2.45242688,2.30498639,2.32553119,2.59362767
2.23355064,2.34273795,2.24162632,2.11631797,2.18779071,2.12090015,2.05979739,2.24574664,2.36849537,2.29613735,2.30128784,2.29150155,2.23541133,2.01167913,2.21525002,2.26133124,2.38350969,2.35832661,2.32359150,2.19846148,2.22280101,2.26509933,2.12549821,2.24375964,2.08899671,2.34935121,2.33738757,2.29625156,2.27302314,2.36486541,2.30087432,2.36301695,2.22987956,2.31347011,2.31487092,2.36775655,2.27340972,2.31844532,2.29999114,1.91448582,2.07645605,1.96609150,1.76577562,2.33863570,2.35856354,2.25465206,2.28330047,2.34920326,2.35019034,2.29764718,2.20535716,2.21287294,2.17567707,2.20841557,2.31472558,2.06816746,2.11299754,2.19766836,1.85442495,2.03791320
2.45689013,2.55736456,2.42946880,2.33779008,2.41687488,2.50739650,2.39928204,2.43839117,2.51458009,2.55571379,2.59249956,2.57551177,2.39831421,2.39148940,2.38947709,2.32918739,2.46112914,2.44379405,2.27266628,2.18228506,2.31154505,2.47574825,2.52447394,2.54009454,2.42871049,2.49458093,2.53903638,2.46963701,2.26867502,2.43694426,2.36080801,2.53344274,2.47345235,2.42419892,2.45278110,2.20237500,2.44285325,2.44270631,2.44137271,2.48478103,2.37878143,2.43162112,2.37248685,2.46283069,2.43769427,2.51445338,2.56951629,2.48419386,2.22834061,2.29365560,2.41114916,2.23739166,1.86097275,2.04500484,2.54788463,2.34938987,2.41316327,2.31993637,2.33413599,2.05772347
2.54678870,2.51193112,2.53586545,2.50344362,2.46866164,2.54038199,2.47697489,2.47187045,2.53462765,2.44788978,2.54873575,2.50579605,2.15096195,2.40052714,2.40259919,2.41476354,2.48987465,2.51989333,2.51862190,2.24363314,2.53444657,2.53185934,2.44298044,2.38596484,2.27467907,2.43587481,2.46067498,2.42738458,2.47991586,2.47452515,2.45122652,2.43018211,2.20714270,2.34739753,2.32237001,2.33682390,2.15901296,2.45273651,2.45963122,2.47196553,2.39687556,2.42681125,2.38287780,2.24933928,2.14469570,2.29979940,2.42683735,2.32708790,2.26994665,2.37435935,2.28177069,2.16096608,1.92650930,2.35381381,2.44145936,2.23503747,2.02985787,2.29904752,2.21570736,2.36085413
2.58151194,2.54903758,2.43822780,2.47777300,2.54433919,2.58466539,2.51966710,2.61000368,2.60455921,2.53995614,2.35221183,2.36919616,2.50956524,2.35950017,2.59115274,2.40840410,2.46824405,2.48630146,2.50151644,2.47280951,2.50297756,2.55151757,2.54010846,2.55592127,2.53437946,2.50666120,2.52532850,2.52889666,2.48492280,2.43913352,2.44834406,2.43097076,2.49245336,2.48171082,2.34725606,2.43187892,2.48401946,2.48978465,2.54802007,2.45416651,2.27632590,2.42360226,2.31630824,2.43732153,2.51454288,2.53231164,2.40731313,2.48141229,2.46747166,2.42249585,2.58171707,2.39894668,2.42119719,2.30237628,2.46339595,2.53963584,2.51775554,2.43001209,2.38643436,2.50256300
2.44212982,2.33932243,2.25455650,2.40552119,2.42920008,2.41402548,2.38471767,2.41857165,2.45011466,2.42389309,2.43489623,2.44903502,2.27538197,2.35003986,2.33604208,2.29563257,2.37354305,2.12511928,2.22542147,2.29040865,2.41704141,2.34702340,2.40235593,2.30591506,2.27852392,2.36139093,2.37270894,2.38625399,2.43692297,2.38147622,2.08049296,2.32258281,2.36754733,2.40913392,2.28795690,2.32843638,2.22005446,2.37707710,2.34623581,2.33903874,2.44170141,2.33823786,2.39003625,2.24217877,2.21340261,2.26769258,2.35790532,2.45583054,2.24489707,2.30116702,2.36285027,2.30799026,2.44649737,2.25345471,1.86239104,1.89745131,1.86192539,2.05921363,2.16189881,2.23317488
2.50363789,2.42360125,2.40170465,2.44341846,2.20036239,2.21828648,2.45210636,2.43147196,2.51714264,2.54761942,2.52654533,2.39331738,2.31806870,2.39985386,2.39171872,2.51813372,2.40595530,2.27508301,2.27045408,2.47458277,2.45237212,2.42116592,2.40320576,2.24299157,2.27995817,2.27621902,2.38625292,2.33772087,2.37509388,2.41080482,2.42708754,2.32994782,2.44134052,2.48598580,2.41237121,2.40216453,2.42092834,2.47487561,2.34411002,2.40124355,2.52679308,2.51674804,2.10936143,1.95527252,2.49109524,2.45483567,2.36293003,2.50080784,2.46751330,2.21640637,2.15941344,2.26998073,2.46672152,2.36326709,2.09805714,2.37811423,2.27780792,2.37978474,2.21780573,2.31682614
2.37444577,2.37844690,2.28851435,2.41482300,2.43973780,2.38187881,2.30874825,2.34750047,2.11529790,2.07114349,2.21283021,2.38827727,2.46104196,2.35548240,2.26604617,2.46407503,2.44582842,2.41978423,2.39597556,2.38058627,2.23890450,2.22094440,2.36274097,2.27284844,2.46670076,2.30968467,2.34090877,2.40667684,2.41986263,2.35262674,2.37475814,2.37537606,2.30140778,2.37003891,2.27743183,2.23785985,2.23630677,2.43938522,2.43661014,2.32387591,2.39197811,2.40266739,2.27715839,2.27404626,2.34898098,2.25387693,2.29724538,2.41909998,2.36482723,2.29855285,2.24134463,2.24943100,2.41307325,2.31489462,2.18870998,2.24862068,2.32544336,2.27780892,2.18826513,2.14312495
2.51923778,2.51508279,2.34381268,2.48695668,2.44289523,2.43474757,2.35275697,2.49326196,2.53545961,2.54696882,2.53362493,2.39955717,2.51337004,2.49539526,2.43391261,2.51284726,2.51635696,2.48683413,2.44535786,2.42272080,2.50610977,2.54710412,2.47870147,2.38996932,2.45074608,2.43886552,2.46313944,2.49755433,2.43481816,2.35511596,2.28756078,2.37927442,2.31457729,2.47220866,2.20016629,2.36915403,2.17190362,2.48680788,2.41100673,2.43450402,2.37307619,2.38742132,2.39474682,2.41665346,2.30232433,2.25796481,2.15858460,2.36742087,2.45191989,2.45121019,2.45319194,1.97774168,2.16981358,2.17914758,2.30053762,2.38905785,2.39821012,1.80799354,2.10383688,1.98660857
2.50934629,2.58911990,2.56468661,2.46992702,2.44374611,2.44526988,2.41832813,2.36270213,2.27866297,2.36444391,2.47039115,2.44099067,2.32990098,2.52819381,2.60450130,2.58067770,2.50674956,2.43923875,2.38163940,2.25615611,2.58544165,2.54386566,2.60049492,2.40759566,2.24981609,2.59524475,2.58524943,2.54693936,2.53907936,2.57697130,2.57584957,2.45102745,2.53003074,2.44370153,2.46595874,2.49237854,2.50500981,2.47022238,2.53036601,2.53183369,2.53933515,2.58221348,2.44976332,2.32476142,2.22023113,2.34189811,2.42671403,2.47028790,2.38823356,2.31507452,2.22463092,2.06321963,2.33886493,2.23970276,2.46218495,2.29505058,2.32567412,2.48063730,2.48292260,2.42992965
2.48628939,2.55958412,2.53905132,2.43276640,2.21897938,2.41083101,2.29214845,2.34734007,2.36515676,2.38981615,2.16111474,2.09793618,2.13108743,2.51171461,2.49167776,2.35305696,2.30315227,2.31490614,2.33435429,2.35601854,2.55252288,2.54796892,2.49431321,2.31254986,2.16534957,2.39960993,2.42857846,2.30628561,2.45792029,2.52416544,2.49567765,2.14362053,2.18266771,2.53874648,2.46450810,2.29478591,2.36287408,2.22108141,2.37063178,2.30891214,2.47517913,2.48944151,2.46451654,2.17180015,2.31823850,2.36501756,2.24937502,2.35506105,2.13714222,2.18866697,2.21475324,2.02663471,2.10985246,2.37666024,2.44838906,2.29581145,2.29374439,2.33010506,2.29305151,2.33974500
2.50937381,2.46868451,2.39094985,2.46912305,2.39785944,2.39470451,2.32664416,2.30217807,2.28160323,2.24427172,2.33481741,2.33812100,2.45810233,2.51056121,2.45175607,2.37322076,2.37661193,2.35817443,2.33264618,2.34257537,2.39472112,2.40037103,2.26688256,2.31090110,2.39223245,2.44271754,2.42430111,2.42931901,2.42290122,2.46839854,2.39825383,2.24642761,2.50630545,2.37025484,2.31601651,2.35538361,2.28330278,2.34715776,2.25744875,2.17944612,2.44166326,2.41640722,2.40633956,2.36038466,2.18678408,2.50370068,2.39678797,2.43059134,2.14066145,2.16991950,2.42171780,2.33043705,2.32042929,2.44346752,2.35420706,2.16089326,2.07688421,2.27442704,1.93942602,2.06693788
2.49613484,2.24237519,2.14204716,2.46005052,2.44700018,2.30193481,2.31658012,2.40616943,2.38614186,2.27120030,2.37187694,2.35088473,2.40443192,2.46181038,2.47549461,2.47042497,2.45184632,2.40684587,2.36135676,2.26197833,2.34781334,2.42912795,2.46143824,2.21018105,2.38972969,2.42206321,2.32405303,2.38702611,2.39625049,2.45009298,2.44443535,2.31533536,2.28909949,2.29189228,2.41106421,2.41142422,2.34724634,2.40510088,2.50214615,2.39957036,2.33387960,1.94514817,1.93155874,1.98039714,2.23814893,2.28373691,2.40274803,2.50692637,2.32343578,2.21259358,2.38199521,2.41210200,2.31451295,2.34228346,2.31380864,2.21425639,2.19440997,2.29428357,2.23153845,2.44374468
2.42697391,2.55367198,2.54413048,2.45229400,2.31657913,2.30937595,2.49171597,2.35798475,2.42752707,2.40214794,2.43730935,2.40421919,2.52124709,2.38633139,2.50356341,2.49904797,2.46698129,2.41575113,2.50157460,2.49413446,2.46872109,2.49132382,2.49736386,2.39061709,2.39436920,2.45889491,2.50103874,2.44628156,2.51662906,2.51799408,2.50969200,2.38891991,2.49285918,2.47020299,2.44750838,2.35627918,2.36652149,2.43381255,2.51374009,2.38822611,2.39542381,2.47860459,2.54825429,2.44390703,2.35485312,2.47544499,2.39679967,2.26234008,2.50453963,2.43618129,2.41254504,2.34910585,2.43280120,2.40168441,2.40963452,2.34338379,2.20238720,2.48460528,2.41327705,2.43190183
2.46115583,2.56008029,2.55318731,2.28939209,2.11845572,2.12279102,2.18907025,2.34097684,2.34534041,2.42430808,2.28986498,2.28169785,2.55492785,2.51178020,2.57133664,2.56664822,2.48195012,2.43907943,2.42681986,2.44251068,2.59885246,2.63389598,2.60756927,2.36008244,2.10764542,2.42062287,2.49750635,2.50167508,2.51472058,2.58049092,2.55827397,2.35031409,2.51672751,2.54624733,2.35147862,2.25957559,2.25658922,2.23586986,2.47641573,2.48478469,2.48372279,2.53947281,2.52434546,2.43723074,2.21939473,2.34445723,2.27663126,2.16920760,2.14559524,2.34743525,2.56126725,2.22558906,2.33912507,2.40034726,2.44773369,2.34258017,2.46029460,2.49004556,2.55965096,2.49424998
2.42582295,2.45066441,2.46832717,2.46605593,2.14678997,2.30662530,2.36620235,2.26929864,2.37745222,2.29353620,2.19097667,2.23472393,2.10558579,2.35411861,2.42142306,2.46176570,2.41269995,2.23877942,2.29344438,2.30389373,2.42709769,2.46359025,2.40453684,2.26866377,2.24178737,2.25648560,2.22401792,2.20389234,2.44235553,2.41034804,2.43258950,2.27956420,2.26591663,2.31854935,2.25851454,2.13114533,2.14069058,2.20752150,2.18675736,2.14612904,2.33120690,2.12731685,2.19624907,2.17850255,2.32856456,2.17774007,2.40477197,2.44154316,2.16069762,2.32329927,2.31594837,2.28788804,2.19415606,2.24950370,2.06127263,2.15657840,2.40347022,2.28330379,2.23512255,2.34565516
2.39505812,2.40925484,2.37692689,2.47760864,2.44806426,2.37003425,2.27111059,2.36235703,2.39551481,2.19709446,2.32989219,2.49077907,2.47837534,2.40644939,2.27500871,2.39131728,2.19471529,2.32660709,2.27545223,2.48747834,2.32899989,2.29397440,2.25333436,2.31294309,2.28662229,2.30825899,2.19132971,2.18753783,2.35278617,2.43499041,2.44653753,2.35789112,2.38681215,2.49868728,2.45063050,2.20967919,2.15294796,2.43310036,2.40245582,2.33248780,2.29429349,2.37021028,2.33222609,2.40575395,2.40056664,2.52985596,2.41719152,2.28754298,2.50554346,2.34532550,2.35556819,2.31914733,2.31092291,2.44467703,2.42109727,2.45365405,2.30190760,2.00218419,2.12802429,2.39300559
2.56353275,2.41175112,2.20055686,2.18653204,2.06521464,2.11924084,2.16429020,2.12103968,2.11444848,2.46661104,2.50701074,2.53253256,2.54811354,2.52778588,2.48310797,2.39696094,2.51928497,2.50911058,2.51758420,2.52935963,2.52571930,2.39453399,2.46293341,2.42371593,2.44530540,2.51177191,2.55479907,2.55007805,2.44838764,2.52648029,2.49460725,2.54701254,2.45881107,2.25624606,2.30208437,1.93119866,1.92822734,2.27919355,2.48812629,2.49827102,2.38927145,2.41535154,2.43686395,2.49950575,2.50177022,2.49079246,2.36949617,2.27729988,2.38728475,2.35300432,2.21999160,2.25404588,2.21747986,2.21693359,2.28115050,2.50341756,2.44160370,2.31927123,2.37064474,2.29483076
2.60922930,2.56445315,2.53898432,2.22006462,2.20346782,2.38657936,2.51610139,2.40471788,2.39292986,2.59948090,2.56881826,2.60365158,2.59801984,2.58303210,2.51061663,2.52144236,2.48073527,2.38396218,2.50781515,2.59366451,2.54998151,2.50196984,2.56147993,2.55618902,2.49311447,2.50835825,2.52752422,2.53498980,2.45824100,2.50477314,2.54850567,2.55076855,2.40565783,2.29119641,2.42514151,2.48010087,2.21613874,2.43961295,2.53888771,2.48728994,2.43171771,2.52652243,2.48910230,2.40167252,2.39997239,2.37254329,2.37659656,2.36182764,2.16331564,2.39804731,2.45820490,2.25842100,2.09417234,2.49434773,2.53863763,2.40824445,2.27672294,2.39917574,2.26563610,2.16156741
2.48382983,2.43203288,2.02336445,2.14370498,2.12644150,1.98163626,2.21220559,2.35941026,2.33067716,2.28743428,2.35120774,2.47908238,2.45744050,2.44846269,2.25851824,2.34043420,2.43014275,2.46651327,2.35170262,2.46458117,2.37483800,2.35988525,2.46857073,2.31099273,2.44921756,2.22753367,2.35306293,2.30963051,2.25261832,2.41396548,2.30306882,2.34465727,2.28917465,2.09326077,2.28371144,2.24595678,2.26788812,2.23350946,2.40320617,2.27033199,2.29107576,2.32971683,2.41631535,2.15561559,2.12888209,2.20651435,2.26964855,2.15375852,2.22645137,2.38861000,2.11090802,1.94775644,2.22434688,2.26531169,2.33844306,2.38633125,2.20583769,1.97385429,2.03124286,2.39522560
2.18799368,2.50287121,2.43760787,2.34209187,2.36373293,2.33026663,2.31777781,2.20739726,2.42581857,2.32328793,2.27576590,2.50214208,2.29468239,2.41203656,2.45050101,2.35370924,2.22726387,2.30456093,2.37155589,2.29859026,2.39976911,2.41813626,2.43671848,2.32019638,2.29187315,2.26782058,2.46387636,2.42107915,2.14936599,2.39093343,2.44445995,2.47407302,2.37126205,2.32207906,2.27440469,2.32415723,2.12000145,2.39370749,2.42087926,2.39590818,2.31787513,2.47948723,2.44570246,2.42492405,2.27410016,2.37172382,2.37760054,2.34914438,2.53089950,2.49782990,2.42922241,2.30161706,2.12531590,2.29000325,2.38853747,2.44152658,2.41883556,2.13922121,2.29387498,2.35914597
2.49626275,2.46999335,2.33878468,2.29222245,2.42583652,2.54341904,2.44676621,2.36196347,2.52707383,2.43783960,2.30534453,2.44741235,2.46751194,2.34712609,2.49121492,2.52740484,2.40175068,2.42688548,2.44896224,2.49183745,2.34572001,2.32715902,2.52104550,2.48093285,2.50411390,2.47716801,2.50077002,2.30753661,2.46486843,2.42347888,2.34392567,2.43992927,2.35256332,2.42452278,2.36797238,2.49602286,2.46002148,2.51812642,2.43456151,2.53004956,2.49858236,2.41456991,2.33458482,2.47025287,2.31732208,2.36164392,2.18516054,2.45670349,2.47009007,2.42684968,2.34550949,2.33127416,2.38350278,2.37022548,2.48503069,2.33201809,2.48049772,2.39829580,2.26473941,2.34947420
2.39685579,2.14895181,2.17276518,2.05302370,2.17548705,2.28214753,2.22842360,2.38625252,2.48566300,2.46645154,2.38893835,2.20218008,2.11226349,2.49420835,2.41558053,2.51336791,2.47375908,2.38199040,2.30499787,2.47752607,2.46251189,2.44677074,2.45697108,2.43034838,2.37467493,2.49887133,2.42706956,2.39060330,2.47723826,2.40060284,2.29808425,2.44288543,2.51144200,2.36726303,2.42528448,2.35949837,2.38436627,2.43551185,2.50882292,2.21445071,2.38148161,2.38414389,2.40589602,2.39337792,2.32645540,2.48114283,2.39395335,2.28246911,2.35360662,2.45443502,2.30910478,2.28687040,2.47744649,2.30419007,2.17437209,2.39429068,2.46676218,2.37834538,2.41496409,2.46990887
2.47131513,2.49493102,2.24850078,2.14734485,2.35707768,2.41053904,2.39417957,2.48956500,2.52174412,2.54530731,2.40996291,2.29920769,2.20398983,2.28414716,2.43565017,2.50782364,2.45071125,2.33061011,2.32624655,2.47357056,2.51612942,2.50390185,2.47807311,2.34232951,2.40910949,2.40642625,2.46149563,2.34228421,2.21247289,2.26796022,2.27185459,2.31042654,2.42040268,2.50821133,2.38437328,2.17756235,2.43357831,2.46537735,2.41580694,2.43962310,2.38313540,2.36954429,2.34326838,2.29677129,2.30111050,2.37077409,2.27157242,2.16273738,2.39479708,2.14808981,2.43543137,2.24944388,2.37472617,2.43555853,2.47288981,2.43861947,2.51680034,2.52189615,2.43667979,2.40416216
2.24284353,2.12153627,2.06417542,2.20727401,2.32246059,2.34488644,2.38615984,2.43604890,2.50231915,2.42405920,2.33997662,2.43590321,2.29813154,2.05825921,2.23564127,2.50260343,2.52377983,2.38599049,2.30681267,2.45307663,2.47834748,2.50405944,2.48057979,2.50560275,2.52667787,2.53174512,2.52242831,2.54474819,2.59102608,2.61761679,2.58030047,2.24399294,2.58486442,2.61709285,2.61880157,2.38619157,2.38219197,2.56102177,2.51865688,2.48104384,2.60657217,2.62530125,2.60799458,2.43587007,2.52536124,2.56184343,2.52995139,2.46785669,2.53580767,2.56844411,2.52408169,2.54635921,2.58835098,2.42827242,2.26428597,2.39874306,2.55133851,2.53052364,2.51200091,2.22056317
2.41955171,2.46990752,2.48417490,2.44410933,2.26552264,2.37963019,2.42772381,2.18604062,2.18676671,2.32688899,2.37486465,1.95952376,2.19714393,2.37130106,2.47636456,2.47301662,2.26989910,2.30304368,2.29899695,2.36181394,2.43940326,2.48123906,2.46630375,2.21334557,2.34056259,2.31855340,2.40117818,2.13353931,2.28789062,2.45937279,2.40875321,2.29103461,2.05264228,2.23328646,2.41418694,2.36292876,2.27573876,2.28897386,2.41463205,2.35232785,2.25685175,2.29685932,2.39459858,2.31499769,2.37984129,2.28884327,2.44288780,2.27245602,2.16331261,2.16964870,2.15673087,2.32715412,2.41865420,2.46241502,2.34555707,2.34029499,2.39848117,2.45042286,2.42217066,2.40315441
2.52205008,2.55915921,2.55983621,2.48765008,2.25629985,2.28365733,2.19180507,2.10600534,2.26697219,2.18423944,2.09794266,1.93536248,2.20470423,2.54009615,2.53587350,2.48074626,2.25480973,2.32311218,2.23676314,2.16773698,2.50853473,2.55105354,2.54402645,2.23603312,2.31348202,2.46110531,2.53964242,2.48989160,2.49337787,2.55067811,2.54934198,2.20958222,2.18637455,2.44729916,2.47362438,2.38616494,2.29284121,2.38679597,2.48380443,2.39350153,2.45252588,2.48377116,2.41752541,2.09372642,2.48076883,2.43131638,2.48084091,2.36950196,1.94754375,2.12794548,2.19946988,2.34093104,2.50950151,2.49654700,2.43152285,2.30473310,2.53598936,2.54033952,2.50897578,2.33852226
2.40454868,2.35273352,2.33569276,2.34886547,2.44573764,2.47722751,2.49460188,2.49368373,2.23422341,2.20053643,2.27326161,2.31354376,2.43064454,2.50307311,2.48685577,2.53020589,2.34286176,2.46346006,2.35400970,2.36318356,2.34461501,2.26716352,2.21200434,2.28793713,2.26785231,2.30045402,2.09389205,2.12179238,2.38870577,2.49629746,2.49019009,2.26272609,2.26667566,2.42362136,2.50238365,2.17539012,2.14474550,2.26791105,2.49805309,2.33475000,2.39004377,2.49830205,2.44733557,2.48204863,2.50454677,2.52589552,2.52058107,2.34536847,2.21295805,2.37810447,2.07114129,2.26392885,2.40415974,2.46047468,2.03844243,1.96705489,2.41429703,2.45793913,2.43797268,2.42326619
2.48928009,2.48909473,2.42860554,2.52351662,2.43477500,2.30877546,2.41590558,2.38400651,2.42373645,2.35389500,2.31174545,2.28685953,2.17550300,2.43916927,2.45471432,2.42173860,2.42232426,2.25215278,2.23350790,2.45204098,2.34584090,2.52356849,2.43524973,2.30372919,2.07985015,2.52813726,2.07798319,2.31275836,2.44712445,2.52490144,2.52432941,2.24746008,2.47054094,2.51255715,2.42125103,2.35155549,2.25195480,2.35623084,2.43780937,2.37139059,2.19827413,2.37063597,2.14780518,2.19549309,2.43312696,2.47725298,2.38924986,2.16361668,2.08123215,2.13943601,2.09156943,2.15424051,2.44129798,2.29087694,2.10809896,2.35716665,2.30398851,2.42922161,2.41679397,2.38319108
2.50477282,2.50318755,2.52442638,2.43109410,2.50134968,2.42893000,2.31717618,2.39691852,2.18244854,2.00242683,2.28960852,2.35618791,2.41178252,2.41173622,2.53389031,2.45312019,2.21974023,1.97013561,2.34260885,2.49833120,2.30068775,2.27874043,2.32386719,2.23257258,2.15289172,2.31863562,2.48260444,2.42061246,2.49015484,2.48060842,2.44644413,2.51069678,2.44537072,2.47069938,2.43268435,2.18689836,1.98838185,2.26992889,2.51877180,2.45640903,2.22983933,2.23724764,2.46246130,2.47447733,2.43715193,2.41373975,2.40261296,2.46493513,2.29765542,2.29153574,2.47208063,2.42900039,2.50543423,2.46436919,2.42941125,2.42953280,2.40558442,2.50607638,2.44682063,2.39843600
2.42275672,2.47110430,2.48173661,2.40929230,2.41090891,2.36662728,2.19039388,2.39830194,2.41605062,2.24591743,2.19572676,2.39848998,2.49082795,2.53096520,2.44484083,2.39903278,2.37971319,2.21556207,2.13712354,2.09900984,2.51789997,2.36175938,2.46648097,2.45293669,2.47083140,2.47749141,2.42687554,2.37920234,2.41409810,2.54894020,2.53453563,2.32611459,2.34879021,2.50328790,2.49012761,2.21243825,2.42742418,2.42344647,2.43560289,2.30840773,2.25684640,2.37582046,2.23911730,2.31696253,2.08758683,2.35386475,2.49999667,2.00057774,2.19875637,2.20172564,2.40434824,2.39662439,2.46453881,2.42851176,2.51330216,2.35397619,2.39069745,2.44387084,2.25668800,2.40045240
2.44042694,2.50403196,2.45986918,2.51862030,2.51349527,2.22679267,2.04699793,2.19182595,2.30423348,2.39900386,2.47137028,2.49205566,2.25770998,2.36100663,2.47986808,2.38636194,2.31433814,2.40094870,2.06493818,1.87530974,2.49678499,2.36663042,2.31829545,2.39565809,2.41867248,2.50615976,2.44605575,2.36067604,2.55335793,2.58181005,2.58389657,2.36256364,2.44108262,2.53795432,2.56946758,2.44954603,2.40151809,2.41418140,2.49116331,2.54536557,2.52673055,2.61151619,2.52163594,2.47328029,2.51094774,2.45987368,2.57238958,2.34875503,2.54353363,2.53762036,2.45309408,2.54332434,2.58044418,2.59574372,2.45560785,2.40948611,2.54373053,2.59599829,2.44762302,2.45616200
2.50612081,2.60035064,2.49104566,2.30834506,2.46643977,2.56343259,2.54905658,2.54155951,2.63019593,2.61866742,2.41469896,2.58424152,2.44083845,2.33711566,2.44472342,2.56453011,2.55782290,2.56134951,2.54837593,2.50309519,2.51557547,2.50304564,2.52608076,2.41416317,2.50272285,2.16539855,2.25140579,2.41166290,2.59249958,2.57756258,2.55713459,2.49982513,2.59814486,2.38415010,2.30807201,2.35661593,2.43454411,2.43434514,2.55381701,2.48757509,2.56265470,2.50018129,2.46566448,2.35211921,2.54620688,2.37948512,2.26211490,2.18806002,2.44472953,2.40664619,2.39665490,2.49325903,2.46843424,2.34402260,2.50149308,2.39163372,2.49599326,2.44146638,2.20574853,2.37462998
2.54125978,2.55488459,2.51021766,2.52064774,2.49040938,2.61215710,2.45608036,2.47229006,2.45618030,2.57091314,2.54135229,2.60337156,2.33116818,2.48560522,2.52826078,2.32748927,2.50822454,2.59178860,2.58889424,2.44085131,2.47467964,2.52256412,2.50532479,2.53495356,2.30090955,2.37864425,2.49804673,2.56292204,2.56075473,2.54610270,2.48286986,2.32173678,2.56525259,2.44270788,2.49054378,2.41015519,2.44726415,2.48676377,2.48303876,2.38232798,2.50318751,2.55442598,2.53352402,2.39476371,2.40984536,2.01945171,2.25010957,2.52490599,2.46121528,2.49957780,2.37368483,2.46053344,2.32664787,2.46108331,2.51754400,2.39365738,2.53701947,2.36902041,2.25528482,2.44287961
2.41118542,2.26105150,2.17565217,1.89757532,2.32188216,2.37844629,2.18632006,2.20917074,2.28693790,2.45104303,2.43082553,2.37361178,2.23596888,2.22263576,2.26372412,2.35734162,2.35077453,2.38071719,2.45182500,2.30145052,2.34879581,2.33681669,2.25227639,2.08415238,2.09763867,2.39221397,2.45154001,2.37540044,2.37666484,2.39067769,2.29363585,2.08763019,2.24793316,2.32800756,2.44606791,2.37669305,2.24363612,2.35767730,2.40379093,2.33375496,2.39934157,2.33850238,2.36581694,2.38334706,2.33680365,2.25239209,2.32417871,2.33113315,2.21514116,2.29730188,2.39251375,2.37464002,2.36103866,2.33133672,2.33982235,2.27565770,2.27317012,2.36054722,2.29911498,2.36009123
2.30667931,2.53863050,2.55071480,2.43456782,2.44414485,2.41981927,2.48297594,2.40921599,2.42519744,2.55851731,2.56234903,2.53486870,2.23614771,2.37498742,2.45168249,2.48091539,2.53660796,2.52823981,2.46069330,2.39017417,2.12719567,2.45129975,2.45072513,2.48304432,2.37736800,2.49165913,2.48353697,2.46200667,2.34476501,2.43989185,2.43052938,2.44761542,2.35453164,2.25143484,2.45592079,2.23593327,2.17473787,2.30591448,2.44214507,2.43605385,2.48169558,2.30881079,2.39179199,2.39723135,2.43152315,2.42032207,2.25918712,2.30433633,2.50277310,2.42081222,2.45688319,2.28355866,2.31248662,2.51984888,2.37072095,2.40437704,2.47582110,2.49089559,2.32060907,2.21840109
2.59797619,2.51261263,2.57387373,2.59110043,2.51583574,2.49056978,2.53851241,2.44870963,2.28728993,2.58969090,2.53607834,2.38525181,2.43304377,2.39348110,2.50520954,2.45095509,2.45838641,2.54689697,2.29113463,2.43732215,2.26358622,2.29857258,2.41830305,2.46325209,2.45329976,2.44385919,2.56307038,2.49915965,2.24795850,2.42835935,2.30190256,2.16490934,2.25127323,2.39977091,2.49258738,2.27462769,2.21396926,2.42695719,2.58629660,2.58168799,2.47349342,2.51244132,2.35155630,2.20387358,2.15986075,2.20878595,2.34073139,2.13467217,2.34369511,2.42696093,2.32321269,2.37150875,2.47736010,2.30355958,2.38808256,2.40860818,2.45361005,2.47660681,2.51516143,2.49088511
2.48739792,2.49440058,2.52285052,2.42766139,2.51537243,2.52839091,2.37564285,2.46148467,2.55387850,2.56249877,2.53778298,2.45364810,2.37197990,2.45103081,2.35793897,2.45676592,2.44853432,2.48207091,2.40274346,2.40374055,2.50418947,2.52888003,2.44982874,2.26664965,2.50385181,2.48424751,2.41663605,2.43670452,2.49476594,2.44504072,2.49380337,2.47434855,2.37650841,2.51404021,2.50365680,2.40388133,2.41384913,2.51860987,2.52423861,2.48756821,2.31664321,2.38003494,2.32880022,2.41139184,2.38360821,2.48792480,2.38403085,2.36482429,2.25267792,2.30860624,2.30707141,2.38246161,2.38751375,2.35030499,2.38390871,2.34423710,2.39784357,2.40086967,2.46006397,2.32309434
2.61626531,2.53989599,2.46315485,2.42568044,2.40799092,2.44984500,2.38517817,2.61360704,2.62435726,2.60300801,2.50915412,2.47213480,2.10076106,2.20796164,2.44908282,2.59720015,2.56581843,2.48300081,2.29728657,2.45364756,2.61976806,2.62506782,2.58758796,2.49723435,2.58031340,2.52403857,2.45069277,2.40100715,2.44379227,2.53260638,2.26411550,2.25702650,2.29969221,2.48834068,2.32432779,2.43048244,2.48275999,2.54249135,2.48946351,2.50586592,2.40632872,2.37015541,2.34639163,2.50195936,2.48530858,2.55510616,2.55037256,2.44757823,2.39670603,2.55591677,2.52366147,2.33571868,2.59811178,2.58574433,2.38960150,2.36781902,2.57259722,2.47867671,2.51224089,2.55195247
2.45474244,2.36176547,2.45867453,2.29922826,2.43338303,2.43464914,2.30581389,2.44774629,2.47247586,2.44772658,2.41714881,2.33237709,2.45950765,2.33839655,2.33959698,2.43473698,2.45338645,2.36874632,2.37535638,2.25930703,2.47592731,2.45667750,2.41968961,2.16267298,2.42337650,2.39215470,2.36685985,2.34727356,2.33325730,2.39077010,2.39003662,2.22776315,2.41979056,2.32284264,2.28987060,2.32080262,2.37949631,2.19299708,2.29930107,2.18712618,2.12739227,2.37154436,2.32226237,2.26324866,2.34782943,2.28924323,2.31420839,2.32024618,2.16687516,2.23091615,2.19909712,2.33959169,2.37642307,2.40293663,2.35951839,2.26856055,2.38275356,2.36047962,2.27101181,2.08604845
2.41633464,2.29732404,2.39854050,2.43520769,2.32430711,2.56905502,2.60262085,2.51548425,2.26474801,2.41865621,2.50598206,2.22981380,2.49387550,2.57203282,2.51449731,2.53683037,2.57874104,2.42345827,2.45570814,2.43494846,2.46223950,2.50803305,2.40811216,2.36604655,2.38682426,2.53599559,2.53160546,2.50861039,2.58718920,2.58432095,2.60465539,2.47372092,2.55280403,2.59905498,2.55928749,2.38875019,2.35150851,2.47022046,2.55386054,2.43684128,2.55590756,2.57364616,2.48809192,2.33102481,2.47755092,2.53454887,2.49544497,2.39440089,2.38829997,2.31523850,2.52089440,2.36974017,2.37744354,2.39244458,2.42349279,2.43928982,2.50915239,2.51240361,2.34035016,2.40852584
2.27657159,2.39641944,2.35151830,2.39315710,1.82187972,1.92357734,1.92198446,1.85781477,2.18090472,2.15982593,2.21638080,2.13103952,2.01009088,2.36058274,2.37783454,2.38173325,1.95014974,2.33242586,2.26685950,2.17855048,2.36765155,2.38548529,2.38189467,1.98658998,2.02383755,2.19670409,2.15347736,1.99765831,2.15628311,2.37737161,2.38102996,2.13682589,2.25509879,1.92664386,1.76841605,2.05467525,2.26124272,2.09426478,2.24722348,2.29032029,1.85440152,2.14588500,2.23509640,2.19758163,2.23001523,2.17738457,2.12213853,2.02287562,2.29286663,1.99679717,1.95791925,2.26694437,2.19000597,2.17111090,2.03445588,1.79828768,2.19461026,2.06547066,2.08000600,1.92459095
2.62640835,2.62550615,2.64528193,2.62108187,2.51873981,2.60373526,2.41508489,2.38863872,2.51315580,2.53829893,2.52554547,2.48590227,2.37264090,2.55190772,2.58249047,2.59277462,2.30586181,2.35046003,2.38361836,2.51932064,2.58487698,2.52799195,2.54910246,2.39924089,2.41753978,2.54715684,2.52110733,2.61602056,2.65663088,2.68447424,2.66212010,2.49990462,2.48465119,2.53545447,2.47324850,2.35841454,2.42597890,2.37698294,2.52607987,2.40337822,2.29446192,2.55505452,2.46335420,2.29627142,2.24024953,2.33102548,2.51030140,2.58838246,2.40865699,2.33693045,2.41348216,2.29405985,2.45123201,2.55950339,2.57439368,2.56389326,2.52737583,2.61362929,2.36120121,1.79967425
2.30230486,2.51411979,2.44906625,2.11568298,1.88502080,1.72389857,1.76643792,2.22108548,2.55393933,2.54969760,2.56230147,2.09115744,2.40771612,2.52124399,2.51853570,2.49651681,2.55490987,2.53820139,1.92407082,2.26974114,2.34550417,2.41703585,2.35002604,2.16414568,2.43275167,2.37572392,2.17275296,2.31160797,2.46752367,2.51345126,2.46195651,2.22949939,2.42706135,2.47536663,2.30422305,2.23585952,2.07243866,2.22247751,2.18076674,2.40414256,2.42051274,2.40604045,2.37432229,2.36462213,2.41901295,2.40903669,2.37072567,2.38296746,2.48957327,2.39374051,2.40028770,2.47609275,2.33939957,2.48644242,2.42138365,2.41441618,2.44385177,2.44285266,2.36388806,2.33587567
2.17376705,2.51930354,2.52378202,2.43669973,2.37704371,2.46230425,2.26721921,2.20174371,2.19264932,2.24856219,2.41456252,2.11067053,2.22657424,2.43248055,2.51385110,2.45324666,2.38074809,2.41854615,2.21409654,2.09979530,2.29126334,2.29156429,2.23099269,2.32821161,2.31232987,2.41178291,2.24469559,2.26469289,2.53673376,2.55196901,2.46465276,2.25639810,2.30218243,2.42352058,2.39832055,2.44953086,2.47282323,2.39607507,2.39574559,2.32724761,2.47477259,2.49701074,2.49889363,2.19953312,2.24303640,2.39997158,2.31908587,2.30878976,2.40257426,2.49242789,2.35928749,2.24246847,2.27498231,2.42954678,2.44124992,2.36834708,2.44392705,2.34435851,2.45563847,2.41050688
2.47071728,2.40621081,2.50927913,2.34385991,2.46900246,2.41838970,2.48864462,2.50902604,2.33487073,2.24398659,2.44307011,2.39296517,2.52888251,2.34521338,2.46433960,2.51750156,2.39762657,2.37963699,2.31260268,2.49234184,2.43617687,2.33736724,2.43346576,2.41739437,2.45011983,2.31885187,2.29707245,2.38237855,2.47350278,2.54338949,2.48758603,2.48009386,2.43107210,2.41681618,2.29428405,2.49024918,2.52192508,2.50001216,2.46491171,2.42521456,2.35688558,2.44121559,2.45630685,2.45659858,2.48280541,2.40470078,2.38761560,2.42688549,2.47821991,2.35267252,2.40704623,2.42295665,2.27972321,2.47133461,2.37168287,2.21467279,2.24264419,2.38612689,2.36888142,2.40538166
2.52842490,2.48130628,2.41177564,2.51987386,2.46595074,2.51142469,2.20533030,2.17808737,2.18194313,2.35331037,2.35064130,2.13461216,2.32708507,2.50367341,2.51592948,2.51287156,2.37285033,2.27766381,2.02597335,2.01205384,2.41445344,2.40112788,2.31191930,2.21464743,2.19420690,2.21701094,2.32565286,2.35938102,2.53060204,2.55580551,2.51392985,2.35523691,2.50200051,2.33890663,2.29069643,2.41096166,2.32567872,2.39126776,2.31698372,2.30306564,2.30132000,2.41400058,2.32431303,2.28648927,2.27139511,2.23343028,2.21551500,2.15595803,2.07896090,2.46174480,2.43252153,2.33852302,2.13900205,2.28535083,2.34690113,2.06657412,2.36823541,2.48646072,2.35922060,2.39841242
2.55450078,2.47705954,2.40458907,2.37842572,2.40949885,2.37103180,2.49662736,2.45717971,2.36712403,2.31924321,2.25973438,2.38909351,2.40843388,2.42321319,2.26317862,2.38640367,2.46669012,2.19859110,2.00311926,2.36084618,2.46932329,2.39752677,2.31133569,2.24627475,2.32673742,2.50538317,2.41828788,2.32509026,2.43739168,2.45780076,2.45352389,2.49009560,2.28767716,2.48581249,2.17408767,2.20957520,2.34795976,2.37273141,2.29390172,2.31625765,2.34457534,2.44531508,2.36790822,2.25007881,2.25470708,2.43121580,2.44209686,2.40860068,2.50407691,2.36983585,2.36812110,2.25578393,2.13256519,2.39878825,2.21809583,2.11454998,2.36061580,2.38606230,2.30142854,2.34013744
5.19701979,5.29075787,5.40693785,5.25365204,4.98876504,5.02059251,5.36672646,5.21264967,4.91012433,4.93196397,4.86418372,4.95129866,4.73315728,5.10542132,5.28236781,5.09876538,4.93443064,4.66128611,4.69070060,4.72174483,5.06270705,5.14129083,5.05682049,5.00941570,5.04310157,5.13397097,5.04402889,5.09762389,5.20169288,5.14534420,5.20720331,5.25296155,5.18305629,5.20918905,5.17708104,5.10980723,5.02642113,5.07822053,5.05321168,5.01184232,4.99214582,4.93458824,4.90157574,5.05857881,4.90606178,4.72688946,4.82522031,4.88515150,4.86241164,4.89543077,4.93153749,4.69524327,4.55892545,4.82587977,5.01685140,4.87877679,4.88235353,4.97683271,4.97338903,4.99741408
