25
68
82
96
110
124
138
153
167
181
196
210
224
239
253
267
282
295
309
323
337
351
365
379
394
408
422
436
450
464
480
492
506
521
535
549
563
577
591
606
619
634
648
662
676
690
704
718
733
746
761
775
789
803
817
831
845
860
874
888
902
916
930
944
958
972
987
1000
1015
1029
1043
1057
1071
1085
1099
1114
1128
1142
1156
1170
1185
1198
1212
1227
1241
1255
1269
1283
1297
1311
1326
1339
1354
1368
1382
1396
1410
1424
1438
1453
1466
1481
1495
1509
1523
1537
1551
1565
1580
1593
1608
1622
1636
1650
1664
1678
1692
1707
1721
1735
1749
1763
1777
1791
1805
1820
1834
1848
1862
1876
1890
1904
1918
1932
1947
1960
1975
1990
2004
2018
2032
2045
2059
2074
2089
2102
2116
2130
2144
2158
2172
2186
2200
2214
2229
2243
2257
2271
2284
2299
2314
2328
2342
2356
2370
2384
2398
2412
2426
2441
2455
2469
2483
2497
2511
2525
2540
2553
2568
2582
2596
2610
2624
2638
2652
2666
2680
2695
2709
2723
2738
2751
2764
2780
2794
2807
2822
2836
2850
2864
2878
2892
2907
2920
2935
2949
2963
2977
2992
3005
3019
3034
3047
3062
3076
3090
3106
3118
3132
3146
3160
3175
3189
3203
3217
3231
3245
3259
3273
3288
3302
3316
3330
3344
3358
3372
3387
3401
3413
3429
3444
3457
3471
3485
3499
3513
3528
3542
3556
3570
3584
3598
3612
3626
3640
3655
3669
3683
3697
3711
3725
3739
3754
3767
3782
3796
3810
3824
3839
3852
3866
3880
3895
3909
3923
3937
3951
3965
3979
3994
4007
4022
4036
4050
4064
4078
4092
4106
4121
4134
4149
4163
4177
4191
4205
4219
4233
4248
4262
4276
4290
4304
4318
4332
4347
4360
4375
4389
4403
4417
4431
4445
4460
4473
4488
4502
4516
4530
4545
4558
4572
4586
4600
4615
4629
4643
4657
4671
4683
4698
4712
4726
4742
4756
4771
4784
4799
4812
4826
4840
4854
4869
4883
4897
4911
4925
4939
4953
4967
4982
4996
5010
5024
5038
5052
5066
5081
5094
5109
5123
5137
5150
5165
5179
5194
5208
5222
5236
5251
5264
5278
5292
5306
5320
5335
5348
5364
5377
5391
5405
5419
5433
5447
5462
5475
5490
5504
5518
5532
5547
5560
5575
5589
5603
5617
5631
5643
5659
5673
5687
5702
5716
5730
5744
5758
5772
5786
5801
5814
5829
5843
5857
5871
5885
5899
5913
5928
5941
5956
5970
5984
5998
6012
6026
6040
6054
6069
6083
6097
6111
6125
6140
6153
6168
6182
6196
6210
6224
6238
6252
6266
6280
6295
6309
6323
6337
6351
6365
6379
6393
6407
6422
6436
6450
6464
6478
6492
6506
6521
6534
6549
6563
6578
6591
6606
6619
6634
6647
6662
6676
6690
6704
6719
6733
6746
6761
6774
6789
6803
6817
6831
6846
6859
6873
6888
6902
6916
6930
6944
6958
6972
6986
7000
7015
7029
7043
7058
7071
7085
7099
7113
7127
7142
7155
7171
7184
7198
7212
7226
7241
7255
7269
7283
7297
7311
7325
7339
7353
7367
7382
7396
7410
7424
7438
7453
7466
7481
7494
7509
7523
7537
7551
7565
7579
7593
7608
7623
7635
7650
7664
7678
7692
7706
7721
7734
7749
7763
7777
7791
7805
7820
7833
7847
7861
7876
7890
7904
7919
7932
7946
7961
7975
7989
8003
8017
8031
8045
8059
8073
8087
8102
8116
8130
8144
8159
8172
8186
8200
8214
8229
8242
8257
8271
8285
8299
8313
8327
8342
8356
8370
8384
8398
8413
8426
8441
8454
8469
8483
8497
8511
8525
8539
8553
8568
8581
8596
8610
8624
8638
8652
8666
8680
8695
8708
8723
8737
8751
8765
8780
8793
8808
8822
8836
8850
8865
8878
8892
8906
8920
8935
8949
8963
8977
8991
9005
9019
9033
9047
9062
9076
9090
9104
9118
9132
9146
9160
9174
9189
9202
9217
9231
9245
9259
9273
9287
9301
9317
9329
9344
9358
9372
9386
9401
9414
9429
9443
9457
9471
9485
9499
9512
9528
9541
9556
9570
9584
9598
9612
9626
9640
9654
9668
9683
9697
9711
9725
9739
9753
9767
9781
9795
9810
9824
9838
9852
9866
9880
9895
9909
9923
9937
9951
9965
9979
9993
10007
10022
10036
10050
10064
10078
10092
10106
10120
10134
10149
10163
10177
10191
10205
10220
10233
10247
10261
10276
10290
10304
10318
10332
10346
10360
10374
10388
10403
10417
10431
10445
10459
10473
10487
10502
10516
10530
10544
10558
10572
10586
10601
10615
10629
10643
10657
10672
10685
10699
10713
10727
10741
10756
10770
10784
10798
10812
10826
10840
10854
10868
10882
10897
10911
10925
10939
10953
10967
10982
10996
11009
11024
11038
11052
11066
11080
11094
11109
11124
11137
11151
11165
11179
11193
11207
11221
11236
11250
11264
11278
11292
11306
11319
11334
11348
11363
11377
11391
11405
11419
11433
11447
11461
11475
11490
11504
11518
11535
11551
11568
11582
11597
11611
11626
11640
11655
11670
11684
11699
11713
11728
11742
11756
11770
11785
11799
11814
11828
11843
11857
11873
